1.000000000000000000000000000000,0.009492810546705931753547940202
1.100000000000000000021684043450,0.011799912482049894515567930401
1.200000000000000000043368086899,0.013274457164789076264290791120
1.300000000000000000065052130349,0.014068064489333050094879283987
1.400000000000000000086736173799,0.014329055138780986489682831454
1.500000000000000000108420217249,0.014189087763378168396009230794
1.600000000000000000130104260698,0.013758839993543904455826484487
1.700000000000000000151788304148,0.013128082750481078764153211862
1.800000000000000000173472347598,0.012367701191982849712672893044
1.900000000000000000195156391047,0.011532404942306281567310016160
2.000000000000000000216840434497,0.010663505385989824545737666463
2.100000000000000000130104260698,0.009791473759580871859565793895
2.200000000000000000043368086899,0.008938168841922825410951469575
2.299999999999999999956631913101,0.008118711727592221086902471699
2.399999999999999999869895739302,0.007343027625740741008680795938
2.499999999999999999783159565503,0.006617092572053380817243066177
2.599999999999999999696423391704,0.005943928154770452474944315195
2.699999999999999999609687217905,0.005324386232100587210923890464
2.799999999999999999522951044106,0.004757761613495039707279855379
2.899999999999999999436214870308,0.004242265631595103562370295460
2.999999999999999999349478696509,0.003775388394956594363377190776
3.099999999999999999262742522710,0.003354172743126003380148268695
3.199999999999999999176006348911,0.002975418716904666649313720723
3.299999999999999999089270175112,0.002635833756588950008874824155
3.399999999999999999002534001313,0.002332140825883688267315042744
3.499999999999999998915797827514,0.002061154171798008123929065133
3.599999999999999998829061653716,0.001819830401845439768496274233
3.699999999999999998742325479917,0.001605300919338843898616165436
3.799999999999999998655589306118,0.001414890440571461412035493067
3.899999999999999998568853132319,0.001246125266736719740172160650
3.999999999999999998482116958520,0.001096734149193807658606164568
4.099999999999999998612221219219,0.000964643927588471079551799876
4.199999999999999998525485045420,0.000847971601938293544965965067
4.299999999999999998438748871621,0.000745014093833530898843866397
4.399999999999999998352012697822,0.000654236635409621061657249000
4.499999999999999998265276524023,0.000574260479152982896529426289
4.599999999999999998178540350224,0.000503850431993275321340972149
4.699999999999999998091804176426,0.000441902571583664303577087840
4.799999999999999998005068002627,0.000387432391670664823219413219
4.899999999999999997918331828828,0.000339563539458331686224345223
4.999999999999999997831595655029,0.000297517244901372525052684110
5.099999999999999997744859481230,0.000260602495199236854119436140
5.199999999999999997658123307431,0.000228206973692430982365533486
5.299999999999999997571387133632,0.000199788757964768999558063110
5.399999999999999997484650959834,0.000174868754945109745439385528
5.499999999999999997397914786035,0.000153023839394054095445588385
5.599999999999999997311178612236,0.000133880654965101096746183075
5.699999999999999997224442438437,0.000117110032967432019647695351
5.799999999999999997137706264638,0.000102421982195362569953925065
5.899999999999999997050970090839,0.000089561203086413675727199718
5.999999999999999996964233917041,0.000078303080535308172765257406
6.099999999999999996877497743242,0.000068450111552029702782144237
6.199999999999999996790761569443,0.000059828726327034949807696054
6.299999999999999996704025395644,0.000052286463945606990055365298
6.399999999999999996617289221845,0.000045689466821063562249061778
6.499999999999999996530553048046,0.000039920260780419460415606743
6.599999999999999996443816874248,0.000034875790556025947677542591
6.699999999999999996357080700449,0.000030465683157365814737494992
6.799999999999999996270344526650,0.000026610714182047352605963578
6.899999999999999996183608352851,0.000023241454551683192907246413
6.999999999999999996096872179052,0.000020297077414785546438563569
7.099999999999999996010136005253,0.000017724307040730026500755245
7.199999999999999995923399831455,0.000015476493437396387466208553
7.299999999999999995836663657656,0.000013512798165283815578514399
7.399999999999999995749927483857,0.000011797478400301714338031373
7.499999999999999995663191310058,0.000010299257725273267689412367
7.599999999999999995576455136259,0.000008990773416610849370054067
7.699999999999999995489718962460,0.000007848091148196384394173660
7.799999999999999995402982788661,0.000006850279069831568272016889
7.899999999999999995316246614863,0.000005979034143090802006100634
7.999999999999999995229510441064,0.000005218354442983031312763312
8.099999999999999995142774267265,0.000004554251868948793970942516
8.199999999999999995489718962460,0.000003974500362228136188887470
8.299999999999999995836663657656,0.000003468415306741261247502028
8.399999999999999996183608352851,0.000003026660304889370680807590
8.499999999999999996530553048046,0.000002641077975033840681725313
8.599999999999999996877497743242,0.000002304541820157455823599011
8.699999999999999997224442438437,0.000002010826573075353437309165
8.799999999999999997571387133632,0.000001754494737717559780092948
8.899999999999999997918331828828,0.000001530797323107747280878333
8.999999999999999998265276524023,0.000001335587010897580562483405
9.099999999999999998612221219219,0.000001165242212430341855628894
9.199999999999999998959165914414,0.000001016600660651042094927163
9.299999999999999999306110609609,0.000000886901348740847928457650
9.399999999999999999653055304805,0.000000773733773791910840909903
9.500000000000000000000000000000,0.000000674993572519782064758924
9.600000000000000000346944695195,0.000000588843749034173708676690
9.700000000000000000693889390391,0.000000513680793916332059089137
9.800000000000000001040834085586,0.000000448105080931048059477300
9.900000000000000001387778780781,0.000000390895004091368115812038
10.000000000000000001734723475977,0.000000340984384782811163556180
10.100000000000000002081668171172,0.000000297442737378872121647299
10.200000000000000002428612866368,0.000000259458033244267842433009
10.300000000000000002775557561563,0.000000226321648111298624503391
10.400000000000000003122502256758,0.000000197415217307013905186125
10.500000000000000003469446951954,0.000000172199157890472163580953
10.600000000000000003816391647149,0.000000150202647033693602954019
10.700000000000000004163336342344,0.000000131014872477496421925245
10.800000000000000004510281037540,0.000000114277394080569835882440
10.900000000000000004857225732735,0.000000099677475766460403328563
11.000000000000000005204170427930,0.000000086942264918262403383880
11.100000000000000005551115123126,0.000000075833711790340402865548
11.200000000000000005898059818321,0.000000066144135077284036866571
11.300000000000000006245004513517,0.000000057692351645354608817101
11.400000000000000006591949208712,0.000000050320298803843087820470
11.500000000000000006938893903907,0.000000043890086559624377956054
11.600000000000000007285838599103,0.000000038281425221263244013086
11.700000000000000007632783294298,0.000000033389380642519320202330
11.800000000000000007979727989493,0.000000029122415444429049693854
11.900000000000000008326672684689,0.000000025400679840114249323996
12.000000000000000008673617379884,0.000000022154520303191609364868
12.100000000000000009020562075079,0.000000019323178353243815552545
12.200000000000000009367506770275,0.000000016853655253851929782037
12.300000000000000009714451465470,0.000000014699721494556048798211
12.400000000000000010061396160665,0.000000012821052614111925092592
12.500000000000000010408340855861,0.000000011182475267782737535342
12.600000000000000010755285551056,0.000000009753309489198112667068
12.700000000000000011102230246252,0.000000008506794885162320483086
12.800000000000000011449174941447,0.000000007419590062597265833969
12.900000000000000011796119636642,0.000000006471335949314760425420
13.000000000000000012143064331838,0.000000005644274859651538066495
13.100000000000000012490009027033,0.000000004922918194123005484642
13.200000000000000012836953722228,0.000000004293756568337961311128
13.300000000000000013183898417424,0.000000003745006957221947499792
13.400000000000000013530843112619,0.000000003266392130757414032188
13.500000000000000013877787807814,0.000000002848948259747731948478
13.600000000000000014224732503010,0.000000002484857095713439686589
13.700000000000000014571677198205,0.000000002167299587682278357610
13.800000000000000014918621893401,0.000000001890328198852704219878
13.900000000000000015265566588596,0.000000001648755535326811071188
14.000000000000000015612511283791,0.000000001438057203812676825945
14.100000000000000015959455978987,0.000000001254287081053733628880
14.200000000000000016306400674182,0.000000001094003409699793885735
14.300000000000000016653345369377,0.000000000954204337708241155204
14.400000000000000017000290064573,0.000000000832271694923135903273
14.500000000000000017347234759768,0.000000000725921954513842753102
14.600000000000000017694179454963,0.000000000633163461334054059220
14.700000000000000018041124150159,0.000000000552259126492221683629
14.800000000000000018388068845354,0.000000000481693889691933214388
14.900000000000000018735013540550,0.000000000420146340113780334132
15.000000000000000019081958235745,0.000000000366463964433834457229
15.100000000000000019428902930940,0.000000000319641558460907353584
15.200000000000000019775847626136,0.000000000278802398093122671572
15.300000000000000020122792321331,0.000000000243181816950157658401
15.400000000000000020469737016526,0.000000000212112883096007688738
15.500000000000000020816681711722,0.000000000185013906570383945951
15.600000000000000021163626406917,0.000000000161377543729583286817
15.700000000000000021510571102112,0.000000000140761294300858476517
15.800000000000000021857515797308,0.000000000122779213137179336430
15.900000000000000022204460492503,0.000000000107094681409669135712
16.000000000000000022551405187698,0.000000000093414101818524732688
16.100000000000000022898349882894,0.000000000081481399711161323581
16.200000000000000023245294578089,0.000000000071073227092546767898
16.300000000000000023592239273285,0.000000000061994779679740748678
16.400000000000000023939183968480,0.000000000054076148636990409819
16.500000000000000024286128663675,0.000000000047169138644344828032
16.600000000000000024633073358871,0.000000000041144492689168191742
16.700000000000000024980018054066,0.000000000035889471589736702166
16.800000000000000025326962749261,0.000000000031305742905983464441
16.900000000000000025673907444457,0.000000000027307539688868418061
17.000000000000000026020852139652,0.000000000023820054575356270609
17.100000000000000026367796834847,0.000000000020778039145274367724
17.200000000000000026714741530043,0.000000000018124582301985978454
17.300000000000000027061686225238,0.000000000015810044792890805794
17.400000000000000027408630920434,0.000000000013791129911086535565
17.500000000000000027755575615629,0.000000000012030072970896308376
17.600000000000000028102520310824,0.000000000010493934375186838762
17.700000000000000028449465006020,0.000000000009153983033161251319
17.800000000000000028796409701215,0.000000000007985158579971898206
17.900000000000000029143354396410,0.000000000006965602325776211573
18.000000000000000029490299091606,0.000000000006076248149414090596
18.100000000000000029837243786801,0.000000000005300465674843804019
18.200000000000000030184188481996,0.000000000004623749047876460845
18.300000000000000030531133177192,0.000000000004033445484948611298
18.400000000000000030878077872387,0.000000000003518518510674395682
18.500000000000000031225022567583,0.000000000003069341450682673160
18.600000000000000031571967262778,0.000000000002677517312945978849
18.700000000000000031918911957973,0.000000000002335721685065761443
18.800000000000000032265856653169,0.000000000002037565706053424089
18.900000000000000032612801348364,0.000000000001777476547116537529
19.000000000000000032959746043559,0.000000000001550593163868899571
19.100000000000000033306690738755,0.000000000001352675368375948613
19.200000000000000033653635433950,0.000000000001180024518881985900
19.300000000000000034000580129145,0.000000000001029414342616241723
19.400000000000000034347524824341,0.000000000000898030596817068350
19.500000000000000034694469519536,0.000000000000783418438602391392
19.600000000000000035041414214732,0.000000000000683436518650454694
19.700000000000000035388358909927,0.000000000000596216939541929768
19.800000000000000035735303605122,0.000000000000520130329411006031
19.900000000000000036082248300318,0.000000000000453755377316006659
20.000000000000000036429192995513,0.000000000000395852260263304360
20.100000000000000036776137690708,0.000000000000345339464666421366
20.200000000000000037123082385904,0.000000000000301273568559751336
20.300000000000000037470027081099,0.000000000000262831606303455102
20.400000000000000037816971776294,0.000000000000229295685850732246
20.500000000000000038163916471490,0.000000000000200039570806139923
20.600000000000000038510861166685,0.000000000000174516976273475402
20.700000000000000038857805861880,0.000000000000152251359562583966
20.800000000000000039204750557076,0.000000000000132827014796895376
20.900000000000000039551695252271,0.000000000000115881304861352040
21.000000000000000039898639947467,0.000000000000101097885410533286
21.100000000000000040245584642662,0.000000000000088200794217666513
21.200000000000000040592529337857,0.000000000000076949295334378224
21.300000000000000040939474033053,0.000000000000067133381651584686
21.400000000000000041286418728248,0.000000000000058569851768218731
21.500000000000000041633363423443,0.000000000000051098887817111145
21.600000000000000041980308118639,0.000000000000044581070267396265
21.700000000000000042327252813834,0.000000000000038894773895692611
21.800000000000000042674197509029,0.000000000000033933896247003267
21.900000000000000043021142204225,0.000000000000029605876124217746
22.000000000000000043368086899420,0.000000000000025829965068654845
22.100000000000000043715031594616,0.000000000000022535719524768554
22.200000000000000044061976289811,0.000000000000019661685508478798
22.300000000000000044408920985006,0.000000000000017154251197803463
22.400000000000000044755865680202,0.000000000000014966646003908146
22.500000000000000045102810375397,0.000000000000013058067419098630
22.600000000000000045449755070592,0.000000000000011392919326895082
22.700000000000000045796699765788,0.000000000000009940147542835876
22.800000000000000046143644460983,0.000000000000008672660172041778
22.900000000000000046490589156178,0.000000000000007566821954826366
23.000000000000000046837533851374,0.000000000000006602013154420183
23.100000000000000047184478546569,0.000000000000005760244747049472
23.200000000000000047531423241765,0.000000000000005025822726735893
23.300000000000000047878367936960,0.000000000000004385055254939322
23.400000000000000048225312632155,0.000000000000003825997185715687
23.500000000000000048572257327351,0.000000000000003338227195376690
23.600000000000000048919202022546,0.000000000000002912653354776780
23.700000000000000049266146717741,0.000000000000002541343513704909
23.800000000000000049613091412937,0.000000000000002217377330359552
23.900000000000000049960036108132,0.000000000000001934717183201115
24.000000000000000050306980803327,0.000000000000001688095555165060
24.100000000000000050653925498523,0.000000000000001472916787875194
24.200000000000000051000870193718,0.000000000000001285171371870746
24.300000000000000051347814888913,0.000000000000001121361172969572
24.400000000000000051694759584109,0.000000000000000978434199108841
24.500000000000000052041704279304,0.000000000000000853727690150825
24.600000000000000052388648974500,0.000000000000000744918468544141
24.700000000000000052735593669695,0.000000000000000649979624294303
24.800000000000000053082538364890,0.000000000000000567142725954842
24.900000000000000053429483060086,0.000000000000000494864852511286
25.000000000000000053776427755281,0.000000000000000431799831022547
25.100000000000000054123372450476,0.000000000000000376773143388996
25.200000000000000054470317145672,0.000000000000000328760034100440
25.300000000000000054817261840867,0.000000000000000286866410559671
25.400000000000000055164206536062,0.000000000000000250312179694282
25.500000000000000055511151231258,0.000000000000000218416710034436
25.600000000000000055858095926453,0.000000000000000190586148096536
25.700000000000000056205040621649,0.000000000000000166302352512941
25.800000000000000056551985316844,0.000000000000000145113239532255
25.900000000000000056898930012039,0.000000000000000126624359846889
26.000000000000000057245874707235,0.000000000000000110491549676372
26.100000000000000057592819402430,0.000000000000000096414519075089
26.200000000000000057939764097625,0.000000000000000084131257916013
26.300000000000000058286708792821,0.000000000000000073413155253933
26.400000000000000058633653488016,0.000000000000000064060741077422
26.500000000000000058980598183211,0.000000000000000055899971066708
26.600000000000000059327542878407,0.000000000000000048778985101420
26.700000000000000059674487573602,0.000000000000000042565279096844
26.800000000000000060021432268798,0.000000000000000037143237454814
26.900000000000000060368376963993,0.000000000000000032411980139484
27.000000000000000060715321659188,0.000000000000000028283484254422
27.100000000000000061062266354384,0.000000000000000024680945115326
27.200000000000000061409211049579,0.000000000000000021537346277556
27.300000000000000061756155744774,0.000000000000000018794211873008
27.400000000000000062103100439970,0.000000000000000016400518009233
27.500000000000000062450045135165,0.000000000000000014311742948618
27.600000000000000062796989830360,0.000000000000000012489038372088
27.700000000000000063143934525556,0.000000000000000010898506288539
27.800000000000000063490879220751,0.000000000000000009510568120082
27.900000000000000063837823915947,0.000000000000000008299414210894
28.000000000000000064184768611142,0.000000000000000007242523506149
28.100000000000000064531713306337,0.000000000000000006320244454989
28.200000000000000064878658001533,0.000000000000000005515429332230
28.300000000000000065225602696728,0.000000000000000004813115168778
28.400000000000000065572547391923,0.000000000000000004200245349031
28.500000000000000065919492087119,0.000000000000000003665426691158
28.600000000000000066266436782314,0.000000000000000003198717487091
28.700000000000000066613381477509,0.000000000000000002791442555795
28.800000000000000066960326172705,0.000000000000000002436031866484
28.900000000000000067307270867900,0.000000000000000002125879727472
29.000000000000000067654215563095,0.000000000000000001855221919339
29.100000000000000068001160258291,0.000000000000000001619028485287
29.200000000000000068348104953486,0.000000000000000001412910183093
29.300000000000000068695049648682,0.000000000000000001233036857490
29.400000000000000069041994343877,0.000000000000000001076066213743
29.500000000000000069388939039072,0.000000000000000000939081666838
29.600000000000000069735883734268,0.000000000000000000819538109684
29.700000000000000070082828429463,0.000000000000000000715214591153
29.800000000000000070429773124658,0.000000000000000000624173023381
29.900000000000000070776717819854,0.000000000000000000544722150046
30.000000000000000071123662515049,0.000000000000000000475386105192
30.100000000000000071470607210244,0.000000000000000000414876977683
30.200000000000000071817551905440,0.000000000000000000362070870849
30.300000000000000072164496600635,0.000000000000000000315987011997
30.400000000000000072511441295831,0.000000000000000000275769523177
30.500000000000000072858385991026,0.000000000000000000240671514126
30.600000000000000073205330686221,0.000000000000000000210041201526
30.700000000000000073552275381417,0.000000000000000000183309796412
30.800000000000000073899220076612,0.000000000000000000159980934460
30.900000000000000074246164771807,0.000000000000000000139621452598
31.000000000000000074593109467003,0.000000000000000000121853340418
31.100000000000000074940054162198,0.000000000000000000106346716732
31.200000000000000075286998857393,0.000000000000000000092813700673
31.300000000000000075633943552589,0.000000000000000000081003063395
31.400000000000000075980888247784,0.000000000000000000070695560925
31.500000000000000076327832942980,0.000000000000000000061699861423
31.600000000000000076674777638175,0.000000000000000000053848991103
31.700000000000000077021722333370,0.000000000000000000046997232784
31.800000000000000077368667028566,0.000000000000000000041017419394
31.900000000000000077715611723761,0.000000000000000000035798572143
32.000000000000000076327832942980,0.000000000000000000031243839440
32.100000000000000074940054162198,0.000000000000000000027268698283
32.200000000000000073552275381417,0.000000000000000000023799384664
32.300000000000000072164496600635,0.000000000000000000020771523841
32.400000000000000070776717819854,0.000000000000000000018128935017
32.500000000000000069388939039072,0.000000000000000000015822588214
32.600000000000000068001160258291,0.000000000000000000013809693963
32.700000000000000066613381477509,0.000000000000000000012052908897
32.800000000000000065225602696728,0.000000000000000000010519642482
32.900000000000000063837823915947,0.000000000000000000009181452018
33.000000000000000062450045135165,0.000000000000000000008013514661
33.100000000000000061062266354384,0.000000000000000000006994166659
33.200000000000000059674487573602,0.000000000000000000006104501249
33.300000000000000058286708792821,0.000000000000000000005328017745
33.400000000000000056898930012039,0.000000000000000000004650315294
33.500000000000000055511151231258,0.000000000000000000004058825619
33.600000000000000054123372450476,0.000000000000000000003542579777
33.700000000000000052735593669695,0.000000000000000000003092004616
33.800000000000000051347814888913,0.000000000000000000002698745134
33.900000000000000049960036108132,0.000000000000000000002355509449
34.000000000000000048572257327351,0.000000000000000000002055933508
34.100000000000000047184478546569,0.000000000000000000001794463010
34.200000000000000045796699765788,0.000000000000000000001566250358
34.300000000000000044408920985006,0.000000000000000000001367064731
34.400000000000000043021142204225,0.000000000000000000001193213597
34.500000000000000041633363423443,0.000000000000000000001041474217
34.600000000000000040245584642662,0.000000000000000000000909033865
34.700000000000000038857805861880,0.000000000000000000000793437658
34.800000000000000037470027081099,0.000000000000000000000692543021
34.900000000000000036082248300318,0.000000000000000000000604479954
35.000000000000000034694469519536,0.000000000000000000000527616347
35.100000000000000033306690738755,0.000000000000000000000460527716
35.200000000000000031918911957973,0.000000000000000000000401970783
35.300000000000000030531133177192,0.000000000000000000000350860424
35.400000000000000029143354396410,0.000000000000000000000306249549
35.500000000000000027755575615629,0.000000000000000000000267311538
35.600000000000000026367796834847,0.000000000000000000000233324917
35.700000000000000024980018054066,0.000000000000000000000203659982
35.800000000000000023592239273285,0.000000000000000000000177767122
35.900000000000000022204460492503,0.000000000000000000000155166634
36.000000000000000020816681711722,0.000000000000000000000135439827
36.100000000000000019428902930940,0.000000000000000000000118221262
36.200000000000000018041124150159,0.000000000000000000000103191977
36.300000000000000016653345369377,0.000000000000000000000090073579
36.400000000000000015265566588596,0.000000000000000000000078623077
36.500000000000000013877787807814,0.000000000000000000000068628387
36.600000000000000012490009027033,0.000000000000000000000059904393
36.700000000000000011102230246252,0.000000000000000000000052289523
36.800000000000000009714451465470,0.000000000000000000000045642750
36.900000000000000008326672684689,0.000000000000000000000039840983
37.000000000000000006938893903907,0.000000000000000000000034776783
37.100000000000000005551115123126,0.000000000000000000000030356372
37.200000000000000004163336342344,0.000000000000000000000026497898
37.300000000000000002775557561563,0.000000000000000000000023129918
37.400000000000000001387778780781,0.000000000000000000000020190072
37.500000000000000000000000000000,0.000000000000000000000017623928
37.599999999999999998612221219219,0.000000000000000000000015383978
37.699999999999999997224442438437,0.000000000000000000000013428753
37.799999999999999995836663657656,0.000000000000000000000011722056
37.899999999999999994448884876874,0.000000000000000000000010232293
37.999999999999999993061106096093,0.000000000000000000000008931888
38.099999999999999991673327315311,0.000000000000000000000007796767
38.199999999999999990285548534530,0.000000000000000000000006805922
38.299999999999999988897769753748,0.000000000000000000000005941012
38.399999999999999987509990972967,0.000000000000000000000005186029
38.499999999999999986122212192186,0.000000000000000000000004527000
38.599999999999999984734433411404,0.000000000000000000000003951729
38.699999999999999983346654630623,0.000000000000000000000003449568
38.799999999999999981958875849841,0.000000000000000000000003011227
38.899999999999999980571097069060,0.000000000000000000000002628592
38.999999999999999979183318288278,0.000000000000000000000002294584
39.099999999999999977795539507497,0.000000000000000000000002003022
39.199999999999999976407760726715,0.000000000000000000000001748512
39.299999999999999975019981945934,0.000000000000000000000001526344
39.399999999999999973632203165153,0.000000000000000000000001332408
39.499999999999999972244424384371,0.000000000000000000000001163117
39.599999999999999970856645603590,0.000000000000000000000001015337
39.699999999999999969468866822808,0.000000000000000000000000886335
39.799999999999999968081088042027,0.000000000000000000000000773726
39.899999999999999966693309261245,0.000000000000000000000000675425
39.999999999999999965305530480464,0.000000000000000000000000589614
40.099999999999999963917751699682,0.000000000000000000000000514707
40.199999999999999962529972918901,0.000000000000000000000000449317
40.299999999999999961142194138120,0.000000000000000000000000392235
40.399999999999999959754415357338,0.000000000000000000000000342406
40.499999999999999958366636576557,0.000000000000000000000000298908
40.599999999999999956978857795775,0.000000000000000000000000260936
40.699999999999999955591079014994,0.000000000000000000000000227788
40.799999999999999954203300234212,0.000000000000000000000000198852
40.899999999999999952815521453431,0.000000000000000000000000173592
40.999999999999999951427742672649,0.000000000000000000000000151541
41.099999999999999950039963891868,0.000000000000000000000000132292
41.199999999999999948652185111087,0.000000000000000000000000115488
41.299999999999999947264406330305,0.000000000000000000000000100818
41.399999999999999945876627549524,0.000000000000000000000000088012
41.499999999999999944488848768742,0.000000000000000000000000076833
41.599999999999999943101069987961,0.000000000000000000000000067074
41.699999999999999941713291207179,0.000000000000000000000000058555
41.799999999999999940325512426398,0.000000000000000000000000051118
41.899999999999999938937733645616,0.000000000000000000000000044625
41.999999999999999937549954864835,0.000000000000000000000000038957
42.099999999999999936162176084053,0.000000000000000000000000034010
42.199999999999999934774397303272,0.000000000000000000000000029690
42.299999999999999933386618522491,0.000000000000000000000000025919
42.399999999999999931998839741709,0.000000000000000000000000022628
42.499999999999999930611060960928,0.000000000000000000000000019754
42.599999999999999929223282180146,0.000000000000000000000000017245
42.699999999999999927835503399365,0.000000000000000000000000015055
42.799999999999999926447724618583,0.000000000000000000000000013143
42.899999999999999925059945837802,0.000000000000000000000000011474
42.999999999999999923672167057020,0.000000000000000000000000010017
43.099999999999999922284388276239,0.000000000000000000000000008745
43.199999999999999920896609495458,0.000000000000000000000000007635
43.299999999999999919508830714676,0.000000000000000000000000006665
43.399999999999999918121051933895,0.000000000000000000000000005819
43.499999999999999916733273153113,0.000000000000000000000000005080
43.599999999999999915345494372332,0.000000000000000000000000004435
43.699999999999999913957715591550,0.000000000000000000000000003872
43.799999999999999912569936810769,0.000000000000000000000000003380
43.899999999999999911182158029987,0.000000000000000000000000002951
43.999999999999999909794379249206,0.000000000000000000000000002576
44.099999999999999908406600468425,0.000000000000000000000000002249
44.199999999999999907018821687643,0.000000000000000000000000001964
44.299999999999999905631042906862,0.000000000000000000000000001714
44.399999999999999904243264126080,0.000000000000000000000000001497
44.499999999999999902855485345299,0.000000000000000000000000001307
44.599999999999999901467706564517,0.000000000000000000000000001141
44.699999999999999900079927783736,0.000000000000000000000000000996
44.799999999999999898692149002954,0.000000000000000000000000000869
44.899999999999999897304370222173,0.000000000000000000000000000759
44.999999999999999895916591441392,0.000000000000000000000000000663
45.099999999999999894528812660610,0.000000000000000000000000000579
45.199999999999999893141033879829,0.000000000000000000000000000505
45.299999999999999891753255099047,0.000000000000000000000000000441
45.399999999999999890365476318266,0.000000000000000000000000000385
45.499999999999999888977697537484,0.000000000000000000000000000336
45.599999999999999887589918756703,0.000000000000000000000000000293
45.699999999999999886202139975921,0.000000000000000000000000000256
45.799999999999999884814361195140,0.000000000000000000000000000224
45.899999999999999883426582414359,0.000000000000000000000000000195
45.999999999999999882038803633577,0.000000000000000000000000000170
46.099999999999999880651024852796,0.000000000000000000000000000149
46.199999999999999879263246072014,0.000000000000000000000000000130
46.299999999999999877875467291233,0.000000000000000000000000000113
46.399999999999999876487688510451,0.000000000000000000000000000099
46.499999999999999875099909729670,0.000000000000000000000000000086
46.599999999999999873712130948888,0.000000000000000000000000000076
46.699999999999999872324352168107,0.000000000000000000000000000066
46.799999999999999870936573387326,0.000000000000000000000000000058
46.899999999999999869548794606544,0.000000000000000000000000000050
46.999999999999999868161015825763,0.000000000000000000000000000044
47.099999999999999866773237044981,0.000000000000000000000000000038
47.199999999999999865385458264200,0.000000000000000000000000000033
47.299999999999999863997679483418,0.000000000000000000000000000029
47.399999999999999862609900702637,0.000000000000000000000000000025
47.499999999999999861222121921855,0.000000000000000000000000000022
47.599999999999999859834343141074,0.000000000000000000000000000019
47.699999999999999858446564360293,0.000000000000000000000000000017
47.799999999999999857058785579511,0.000000000000000000000000000015
47.899999999999999855671006798730,0.000000000000000000000000000013
47.999999999999999854283228017948,0.000000000000000000000000000011
48.099999999999999852895449237167,0.000000000000000000000000000010
48.199999999999999851507670456385,0.000000000000000000000000000009
48.299999999999999850119891675604,0.000000000000000000000000000008
48.399999999999999848732112894822,0.000000000000000000000000000007
48.499999999999999847344334114041,0.000000000000000000000000000006
48.599999999999999845956555333260,0.000000000000000000000000000005
48.699999999999999844568776552478,0.000000000000000000000000000004
48.799999999999999843180997771697,0.000000000000000000000000000004
48.899999999999999841793218990915,0.000000000000000000000000000003
48.999999999999999840405440210134,0.000000000000000000000000000003
49.099999999999999839017661429352,0.000000000000000000000000000003
49.199999999999999837629882648571,0.000000000000000000000000000002
49.299999999999999836242103867789,0.000000000000000000000000000002
49.399999999999999834854325087008,0.000000000000000000000000000002
49.499999999999999833466546306227,0.000000000000000000000000000001
49.599999999999999832078767525445,0.000000000000000000000000000001
49.699999999999999830690988744664,0.000000000000000000000000000001
49.799999999999999829303209963882,0.000000000000000000000000000001
49.899999999999999827915431183101,0.000000000000000000000000000001
49.999999999999999826527652402319,0.000000000000000000000000000001
50.099999999999999825139873621538,0.000000000000000000000000000001
50.199999999999999823752094840756,0.000000000000000000000000000001
50.299999999999999822364316059975,0.000000000000000000000000000000
50.399999999999999820976537279194,0.000000000000000000000000000000
50.499999999999999819588758498412,0.000000000000000000000000000000
50.599999999999999818200979717631,0.000000000000000000000000000000
50.699999999999999816813200936849,0.000000000000000000000000000000
50.799999999999999815425422156068,0.000000000000000000000000000000
50.899999999999999814037643375286,0.000000000000000000000000000000
50.999999999999999812649864594505,0.000000000000000000000000000000
51.099999999999999811262085813723,0.000000000000000000000000000000
51.199999999999999809874307032942,0.000000000000000000000000000000
51.299999999999999808486528252160,0.000000000000000000000000000000
51.399999999999999807098749471379,0.000000000000000000000000000000
51.499999999999999805710970690598,0.000000000000000000000000000000
51.599999999999999804323191909816,0.000000000000000000000000000000
51.699999999999999802935413129035,0.000000000000000000000000000000
51.799999999999999801547634348253,0.000000000000000000000000000000
51.899999999999999800159855567472,0.000000000000000000000000000000
51.999999999999999798772076786690,0.000000000000000000000000000000
52.099999999999999797384298005909,0.000000000000000000000000000000
52.199999999999999795996519225127,0.000000000000000000000000000000
52.299999999999999794608740444346,0.000000000000000000000000000000
52.399999999999999793220961663565,0.000000000000000000000000000000
52.499999999999999791833182882783,0.000000000000000000000000000000
52.599999999999999790445404102002,0.000000000000000000000000000000
52.699999999999999789057625321220,0.000000000000000000000000000000
52.799999999999999787669846540439,0.000000000000000000000000000000
52.899999999999999786282067759657,0.000000000000000000000000000000
52.999999999999999784894288978876,0.000000000000000000000000000000
53.099999999999999783506510198094,0.000000000000000000000000000000
53.199999999999999782118731417313,0.000000000000000000000000000000
53.299999999999999780730952636532,0.000000000000000000000000000000
53.399999999999999779343173855750,0.000000000000000000000000000000
53.499999999999999777955395074969,0.000000000000000000000000000000
53.599999999999999776567616294187,0.000000000000000000000000000000
53.699999999999999775179837513406,0.000000000000000000000000000000
53.799999999999999773792058732624,0.000000000000000000000000000000
53.899999999999999772404279951843,0.000000000000000000000000000000
53.999999999999999771016501171061,0.000000000000000000000000000000
54.099999999999999769628722390280,0.000000000000000000000000000000
54.199999999999999768240943609499,0.000000000000000000000000000000
54.299999999999999766853164828717,0.000000000000000000000000000000
54.399999999999999765465386047936,0.000000000000000000000000000000
54.499999999999999764077607267154,0.000000000000000000000000000000
54.599999999999999762689828486373,0.000000000000000000000000000000
54.699999999999999761302049705591,0.000000000000000000000000000000
54.799999999999999759914270924810,0.000000000000000000000000000000
54.899999999999999758526492144028,0.000000000000000000000000000000
54.999999999999999757138713363247,0.000000000000000000000000000000
55.099999999999999755750934582466,0.000000000000000000000000000000
55.199999999999999754363155801684,0.000000000000000000000000000000
55.299999999999999752975377020903,0.000000000000000000000000000000
55.399999999999999751587598240121,0.000000000000000000000000000000
55.499999999999999750199819459340,0.000000000000000000000000000000
55.599999999999999748812040678558,0.000000000000000000000000000000
55.699999999999999747424261897777,0.000000000000000000000000000000
55.799999999999999746036483116995,0.000000000000000000000000000000
55.899999999999999744648704336214,0.000000000000000000000000000000
55.999999999999999743260925555433,0.000000000000000000000000000000
56.099999999999999741873146774651,0.000000000000000000000000000000
56.199999999999999740485367993870,0.000000000000000000000000000000
56.299999999999999739097589213088,0.000000000000000000000000000000
56.399999999999999737709810432307,0.000000000000000000000000000000
56.499999999999999736322031651525,0.000000000000000000000000000000
56.599999999999999734934252870744,0.000000000000000000000000000000
56.699999999999999733546474089962,0.000000000000000000000000000000
56.799999999999999732158695309181,0.000000000000000000000000000000
56.899999999999999730770916528400,0.000000000000000000000000000000
56.999999999999999729383137747618,0.000000000000000000000000000000
57.099999999999999727995358966837,0.000000000000000000000000000000
57.199999999999999726607580186055,0.000000000000000000000000000000
57.299999999999999725219801405274,0.000000000000000000000000000000
57.399999999999999723832022624492,0.000000000000000000000000000000
57.499999999999999722444243843711,0.000000000000000000000000000000
57.599999999999999721056465062929,0.000000000000000000000000000000
57.699999999999999719668686282148,0.000000000000000000000000000000
57.799999999999999718280907501367,0.000000000000000000000000000000
57.899999999999999716893128720585,0.000000000000000000000000000000
57.999999999999999715505349939804,0.000000000000000000000000000000
58.099999999999999714117571159022,0.000000000000000000000000000000
58.199999999999999712729792378241,0.000000000000000000000000000000
58.299999999999999711342013597459,0.000000000000000000000000000000
58.399999999999999709954234816678,0.000000000000000000000000000000
58.499999999999999708566456035896,0.000000000000000000000000000000
58.599999999999999707178677255115,0.000000000000000000000000000000
58.699999999999999705790898474334,0.000000000000000000000000000000
58.799999999999999704403119693552,0.000000000000000000000000000000
58.899999999999999703015340912771,0.000000000000000000000000000000
58.999999999999999701627562131989,0.000000000000000000000000000000
59.099999999999999700239783351208,0.000000000000000000000000000000
59.199999999999999698852004570426,0.000000000000000000000000000000
59.299999999999999697464225789645,0.000000000000000000000000000000
59.399999999999999696076447008863,0.000000000000000000000000000000
59.499999999999999694688668228082,0.000000000000000000000000000000
59.599999999999999693300889447301,0.000000000000000000000000000000
59.699999999999999691913110666519,0.000000000000000000000000000000
59.799999999999999690525331885738,0.000000000000000000000000000000
59.899999999999999689137553104956,0.000000000000000000000000000000
59.999999999999999687749774324175,0.000000000000000000000000000000
60.099999999999999686361995543393,0.000000000000000000000000000000
60.199999999999999684974216762612,0.000000000000000000000000000000
60.299999999999999683586437981830,0.000000000000000000000000000000
60.399999999999999682198659201049,0.000000000000000000000000000000
60.499999999999999680810880420267,0.000000000000000000000000000000
60.599999999999999679423101639486,0.000000000000000000000000000000
60.699999999999999678035322858705,0.000000000000000000000000000000
60.799999999999999676647544077923,0.000000000000000000000000000000
60.899999999999999675259765297142,0.000000000000000000000000000000
60.999999999999999673871986516360,0.000000000000000000000000000000
61.099999999999999672484207735579,0.000000000000000000000000000000
61.199999999999999671096428954797,0.000000000000000000000000000000
61.299999999999999669708650174016,0.000000000000000000000000000000
61.399999999999999668320871393234,0.000000000000000000000000000000
61.499999999999999666933092612453,0.000000000000000000000000000000
61.599999999999999665545313831672,0.000000000000000000000000000000
61.699999999999999664157535050890,0.000000000000000000000000000000
61.799999999999999662769756270109,0.000000000000000000000000000000
61.899999999999999661381977489327,0.000000000000000000000000000000
61.999999999999999659994198708546,0.000000000000000000000000000000
62.099999999999999658606419927764,0.000000000000000000000000000000
62.199999999999999657218641146983,0.000000000000000000000000000000
62.299999999999999655830862366201,0.000000000000000000000000000000
62.399999999999999654443083585420,0.000000000000000000000000000000
62.499999999999999653055304804639,0.000000000000000000000000000000
62.599999999999999651667526023857,0.000000000000000000000000000000
62.699999999999999650279747243076,0.000000000000000000000000000000
62.799999999999999648891968462294,0.000000000000000000000000000000
62.899999999999999647504189681513,0.000000000000000000000000000000
62.999999999999999646116410900731,0.000000000000000000000000000000
63.099999999999999644728632119950,0.000000000000000000000000000000
63.199999999999999643340853339168,0.000000000000000000000000000000
63.299999999999999641953074558387,0.000000000000000000000000000000
63.399999999999999640565295777606,0.000000000000000000000000000000
63.499999999999999639177516996824,0.000000000000000000000000000000
63.599999999999999637789738216043,0.000000000000000000000000000000
63.699999999999999636401959435261,0.000000000000000000000000000000
63.799999999999999635014180654480,0.000000000000000000000000000000
63.899999999999999633626401873698,0.000000000000000000000000000000
63.999999999999999632238623092917,0.000000000000000000000000000000
64.099999999999999630850844312135,0.000000000000000000000000000000
64.199999999999999629463065531354,0.000000000000000000000000000000
64.299999999999999628075286750573,0.000000000000000000000000000000
64.399999999999999626687507969791,0.000000000000000000000000000000
64.499999999999999625299729189010,0.000000000000000000000000000000
64.599999999999999623911950408228,0.000000000000000000000000000000
64.699999999999999622524171627447,0.000000000000000000000000000000
64.799999999999999621136392846665,0.000000000000000000000000000000
64.899999999999999619748614065884,0.000000000000000000000000000000
64.999999999999999618360835285102,0.000000000000000000000000000000
65.099999999999999616973056504321,0.000000000000000000000000000000
65.199999999999999615585277723540,0.000000000000000000000000000000
65.299999999999999614197498942758,0.000000000000000000000000000000
65.399999999999999612809720161977,0.000000000000000000000000000000
65.499999999999999611421941381195,0.000000000000000000000000000000
65.599999999999999610034162600414,0.000000000000000000000000000000
65.699999999999999608646383819632,0.000000000000000000000000000000
65.799999999999999607258605038851,0.000000000000000000000000000000
65.899999999999999605870826258069,0.000000000000000000000000000000
65.999999999999999604483047477288,0.000000000000000000000000000000
66.099999999999999603095268696507,0.000000000000000000000000000000
66.199999999999999601707489915725,0.000000000000000000000000000000
66.299999999999999600319711134944,0.000000000000000000000000000000
66.399999999999999598931932354162,0.000000000000000000000000000000
66.499999999999999597544153573381,0.000000000000000000000000000000
66.599999999999999596156374792599,0.000000000000000000000000000000
66.699999999999999594768596011818,0.000000000000000000000000000000
66.799999999999999593380817231036,0.000000000000000000000000000000
66.899999999999999591993038450255,0.000000000000000000000000000000
66.999999999999999590605259669474,0.000000000000000000000000000000
67.099999999999999589217480888692,0.000000000000000000000000000000
67.199999999999999587829702107911,0.000000000000000000000000000000
67.299999999999999586441923327129,0.000000000000000000000000000000
67.399999999999999585054144546348,0.000000000000000000000000000000
67.499999999999999583666365765566,0.000000000000000000000000000000
67.599999999999999582278586984785,0.000000000000000000000000000000
67.699999999999999580890808204003,0.000000000000000000000000000000
67.799999999999999579503029423222,0.000000000000000000000000000000
67.899999999999999578115250642441,0.000000000000000000000000000000
67.999999999999999576727471861659,0.000000000000000000000000000000
68.099999999999999575339693080878,0.000000000000000000000000000000
68.199999999999999573951914300096,0.000000000000000000000000000000
68.299999999999999572564135519315,0.000000000000000000000000000000
68.399999999999999571176356738533,0.000000000000000000000000000000
68.499999999999999569788577957752,0.000000000000000000000000000000
68.599999999999999568400799176970,0.000000000000000000000000000000
68.699999999999999567013020396189,0.000000000000000000000000000000
68.799999999999999565625241615408,0.000000000000000000000000000000
68.899999999999999564237462834626,0.000000000000000000000000000000
68.999999999999999562849684053845,0.000000000000000000000000000000
69.099999999999999561461905273063,0.000000000000000000000000000000
69.199999999999999560074126492282,0.000000000000000000000000000000
69.299999999999999558686347711500,0.000000000000000000000000000000
69.399999999999999557298568930719,0.000000000000000000000000000000
69.499999999999999555910790149937,0.000000000000000000000000000000
69.599999999999999554523011369156,0.000000000000000000000000000000
69.699999999999999553135232588374,0.000000000000000000000000000000
69.799999999999999551747453807593,0.000000000000000000000000000000
69.899999999999999550359675026812,0.000000000000000000000000000000
69.999999999999999548971896246030,0.000000000000000000000000000000
70.099999999999999547584117465249,0.000000000000000000000000000000
70.199999999999999546196338684467,0.000000000000000000000000000000
70.299999999999999544808559903686,0.000000000000000000000000000000
70.399999999999999543420781122904,0.000000000000000000000000000000
70.499999999999999542033002342123,0.000000000000000000000000000000
70.599999999999999540645223561341,0.000000000000000000000000000000
70.699999999999999539257444780560,0.000000000000000000000000000000
70.799999999999999537869665999779,0.000000000000000000000000000000
70.899999999999999536481887218997,0.000000000000000000000000000000
70.999999999999999535094108438216,0.000000000000000000000000000000
71.099999999999999533706329657434,0.000000000000000000000000000000
71.199999999999999532318550876653,0.000000000000000000000000000000
71.299999999999999530930772095871,0.000000000000000000000000000000
71.399999999999999529542993315090,0.000000000000000000000000000000
71.499999999999999528155214534308,0.000000000000000000000000000000
71.599999999999999526767435753527,0.000000000000000000000000000000
71.699999999999999525379656972746,0.000000000000000000000000000000
71.799999999999999523991878191964,0.000000000000000000000000000000
71.899999999999999522604099411183,0.000000000000000000000000000000
71.999999999999999521216320630401,0.000000000000000000000000000000
72.099999999999999519828541849620,0.000000000000000000000000000000
72.199999999999999518440763068838,0.000000000000000000000000000000
72.299999999999999517052984288057,0.000000000000000000000000000000
72.399999999999999515665205507275,0.000000000000000000000000000000
72.499999999999999514277426726494,0.000000000000000000000000000000
72.599999999999999512889647945713,0.000000000000000000000000000000
72.699999999999999511501869164931,0.000000000000000000000000000000
72.799999999999999510114090384150,0.000000000000000000000000000000
72.899999999999999508726311603368,0.000000000000000000000000000000
72.999999999999999507338532822587,0.000000000000000000000000000000
73.099999999999999505950754041805,0.000000000000000000000000000000
73.199999999999999504562975261024,0.000000000000000000000000000000
73.299999999999999503175196480242,0.000000000000000000000000000000
73.399999999999999501787417699461,0.000000000000000000000000000000
73.499999999999999500399638918680,0.000000000000000000000000000000
73.599999999999999499011860137898,0.000000000000000000000000000000
73.699999999999999497624081357117,0.000000000000000000000000000000
73.799999999999999496236302576335,0.000000000000000000000000000000
73.899999999999999494848523795554,0.000000000000000000000000000000
73.999999999999999493460745014772,0.000000000000000000000000000000
74.099999999999999492072966233991,0.000000000000000000000000000000
74.199999999999999490685187453209,0.000000000000000000000000000000
74.299999999999999489297408672428,0.000000000000000000000000000000
74.399999999999999487909629891647,0.000000000000000000000000000000
74.499999999999999486521851110865,0.000000000000000000000000000000
74.599999999999999485134072330084,0.000000000000000000000000000000
74.699999999999999483746293549302,0.000000000000000000000000000000
74.799999999999999482358514768521,0.000000000000000000000000000000
74.899999999999999480970735987739,0.000000000000000000000000000000
74.999999999999999479582957206958,0.000000000000000000000000000000
75.099999999999999478195178426176,0.000000000000000000000000000000
75.199999999999999476807399645395,0.000000000000000000000000000000
75.299999999999999475419620864614,0.000000000000000000000000000000
75.399999999999999474031842083832,0.000000000000000000000000000000
75.499999999999999472644063303051,0.000000000000000000000000000000
75.599999999999999471256284522269,0.000000000000000000000000000000
75.699999999999999469868505741488,0.000000000000000000000000000000
75.799999999999999468480726960706,0.000000000000000000000000000000
75.899999999999999467092948179925,0.000000000000000000000000000000
75.999999999999999465705169399143,0.000000000000000000000000000000
76.099999999999999464317390618362,0.000000000000000000000000000000
76.199999999999999462929611837581,0.000000000000000000000000000000
76.299999999999999461541833056799,0.000000000000000000000000000000
76.399999999999999460154054276018,0.000000000000000000000000000000
76.499999999999999458766275495236,0.000000000000000000000000000000
76.599999999999999457378496714455,0.000000000000000000000000000000
76.699999999999999455990717933673,0.000000000000000000000000000000
76.799999999999999454602939152892,0.000000000000000000000000000000
76.899999999999999453215160372110,0.000000000000000000000000000000
76.999999999999999451827381591329,0.000000000000000000000000000000
77.099999999999999450439602810548,0.000000000000000000000000000000
77.199999999999999449051824029766,0.000000000000000000000000000000
77.299999999999999447664045248985,0.000000000000000000000000000000
77.399999999999999446276266468203,0.000000000000000000000000000000
77.499999999999999444888487687422,0.000000000000000000000000000000
77.599999999999999443500708906640,0.000000000000000000000000000000
77.699999999999999442112930125859,0.000000000000000000000000000000
77.799999999999999440725151345077,0.000000000000000000000000000000
77.899999999999999439337372564296,0.000000000000000000000000000000
77.999999999999999437949593783515,0.000000000000000000000000000000
78.099999999999999436561815002733,0.000000000000000000000000000000
78.199999999999999435174036221952,0.000000000000000000000000000000
78.299999999999999433786257441170,0.000000000000000000000000000000
78.399999999999999432398478660389,0.000000000000000000000000000000
78.499999999999999431010699879607,0.000000000000000000000000000000
78.599999999999999429622921098826,0.000000000000000000000000000000
78.699999999999999428235142318044,0.000000000000000000000000000000
78.799999999999999426847363537263,0.000000000000000000000000000000
78.899999999999999425459584756481,0.000000000000000000000000000000
78.999999999999999424071805975700,0.000000000000000000000000000000
79.099999999999999422684027194919,0.000000000000000000000000000000
79.199999999999999421296248414137,0.000000000000000000000000000000
79.299999999999999419908469633356,0.000000000000000000000000000000
79.399999999999999418520690852574,0.000000000000000000000000000000
79.499999999999999417132912071793,0.000000000000000000000000000000
79.599999999999999415745133291011,0.000000000000000000000000000000
79.699999999999999414357354510230,0.000000000000000000000000000000
79.799999999999999412969575729448,0.000000000000000000000000000000
79.899999999999999411581796948667,0.000000000000000000000000000000
79.999999999999999410194018167886,0.000000000000000000000000000000
80.099999999999999408806239387104,0.000000000000000000000000000000
80.199999999999999407418460606323,0.000000000000000000000000000000
80.299999999999999406030681825541,0.000000000000000000000000000000
80.399999999999999404642903044760,0.000000000000000000000000000000
80.499999999999999403255124263978,0.000000000000000000000000000000
80.599999999999999401867345483197,0.000000000000000000000000000000
80.699999999999999400479566702415,0.000000000000000000000000000000
80.799999999999999399091787921634,0.000000000000000000000000000000
80.899999999999999397704009140853,0.000000000000000000000000000000
80.999999999999999396316230360071,0.000000000000000000000000000000
81.099999999999999394928451579290,0.000000000000000000000000000000
81.199999999999999393540672798508,0.000000000000000000000000000000
81.299999999999999392152894017727,0.000000000000000000000000000000
81.399999999999999390765115236945,0.000000000000000000000000000000
81.499999999999999389377336456164,0.000000000000000000000000000000
81.599999999999999387989557675382,0.000000000000000000000000000000
81.699999999999999386601778894601,0.000000000000000000000000000000
81.799999999999999385214000113820,0.000000000000000000000000000000
81.899999999999999383826221333038,0.000000000000000000000000000000
81.999999999999999382438442552257,0.000000000000000000000000000000
82.099999999999999381050663771475,0.000000000000000000000000000000
82.199999999999999379662884990694,0.000000000000000000000000000000
82.299999999999999378275106209912,0.000000000000000000000000000000
82.399999999999999376887327429131,0.000000000000000000000000000000
82.499999999999999375499548648349,0.000000000000000000000000000000
82.599999999999999374111769867568,0.000000000000000000000000000000
82.699999999999999372723991086787,0.000000000000000000000000000000
82.799999999999999371336212306005,0.000000000000000000000000000000
82.899999999999999369948433525224,0.000000000000000000000000000000
82.999999999999999368560654744442,0.000000000000000000000000000000
83.099999999999999367172875963661,0.000000000000000000000000000000
83.199999999999999365785097182879,0.000000000000000000000000000000
83.299999999999999364397318402098,0.000000000000000000000000000000
83.399999999999999363009539621316,0.000000000000000000000000000000
83.499999999999999361621760840535,0.000000000000000000000000000000
83.599999999999999360233982059754,0.000000000000000000000000000000
83.699999999999999358846203278972,0.000000000000000000000000000000
83.799999999999999357458424498191,0.000000000000000000000000000000
83.899999999999999356070645717409,0.000000000000000000000000000000
83.999999999999999354682866936628,0.000000000000000000000000000000
84.099999999999999353295088155846,0.000000000000000000000000000000
84.199999999999999351907309375065,0.000000000000000000000000000000
84.299999999999999350519530594283,0.000000000000000000000000000000
84.399999999999999349131751813502,0.000000000000000000000000000000
84.499999999999999347743973032721,0.000000000000000000000000000000
84.599999999999999346356194251939,0.000000000000000000000000000000
84.699999999999999344968415471158,0.000000000000000000000000000000
84.799999999999999343580636690376,0.000000000000000000000000000000
84.899999999999999342192857909595,0.000000000000000000000000000000
84.999999999999999340805079128813,0.000000000000000000000000000000
85.099999999999999339417300348032,0.000000000000000000000000000000
85.199999999999999338029521567250,0.000000000000000000000000000000
85.299999999999999336641742786469,0.000000000000000000000000000000
85.399999999999999335253964005688,0.000000000000000000000000000000
85.499999999999999333866185224906,0.000000000000000000000000000000
85.599999999999999332478406444125,0.000000000000000000000000000000
85.699999999999999331090627663343,0.000000000000000000000000000000
85.799999999999999329702848882562,0.000000000000000000000000000000
85.899999999999999328315070101780,0.000000000000000000000000000000
85.999999999999999326927291320999,0.000000000000000000000000000000
86.099999999999999325539512540217,0.000000000000000000000000000000
86.199999999999999324151733759436,0.000000000000000000000000000000
86.299999999999999322763954978655,0.000000000000000000000000000000
86.399999999999999321376176197873,0.000000000000000000000000000000
86.499999999999999319988397417092,0.000000000000000000000000000000
86.599999999999999318600618636310,0.000000000000000000000000000000
86.699999999999999317212839855529,0.000000000000000000000000000000
86.799999999999999315825061074747,0.000000000000000000000000000000
86.899999999999999314437282293966,0.000000000000000000000000000000
86.999999999999999313049503513184,0.000000000000000000000000000000
87.099999999999999311661724732403,0.000000000000000000000000000000
87.199999999999999310273945951621,0.000000000000000000000000000000
87.299999999999999308886167170840,0.000000000000000000000000000000
87.399999999999999307498388390059,0.000000000000000000000000000000
87.499999999999999306110609609277,0.000000000000000000000000000000
87.599999999999999304722830828496,0.000000000000000000000000000000
87.699999999999999303335052047714,0.000000000000000000000000000000
87.799999999999999301947273266933,0.000000000000000000000000000000
87.899999999999999300559494486151,0.000000000000000000000000000000
87.999999999999999299171715705370,0.000000000000000000000000000000
88.099999999999999297783936924588,0.000000000000000000000000000000
88.199999999999999296396158143807,0.000000000000000000000000000000
88.299999999999999295008379363026,0.000000000000000000000000000000
88.399999999999999293620600582244,0.000000000000000000000000000000
88.499999999999999292232821801463,0.000000000000000000000000000000
88.599999999999999290845043020681,0.000000000000000000000000000000
88.699999999999999289457264239900,0.000000000000000000000000000000
88.799999999999999288069485459118,0.000000000000000000000000000000
88.899999999999999286681706678337,0.000000000000000000000000000000
88.999999999999999285293927897555,0.000000000000000000000000000000
89.099999999999999283906149116774,0.000000000000000000000000000000
89.199999999999999282518370335993,0.000000000000000000000000000000
89.299999999999999281130591555211,0.000000000000000000000000000000
89.399999999999999279742812774430,0.000000000000000000000000000000
89.499999999999999278355033993648,0.000000000000000000000000000000
89.599999999999999276967255212867,0.000000000000000000000000000000
89.699999999999999275579476432085,0.000000000000000000000000000000
89.799999999999999274191697651304,0.000000000000000000000000000000
89.899999999999999272803918870522,0.000000000000000000000000000000
89.999999999999999271416140089741,0.000000000000000000000000000000
90.099999999999999270028361308960,0.000000000000000000000000000000
90.199999999999999268640582528178,0.000000000000000000000000000000
90.299999999999999267252803747397,0.000000000000000000000000000000
90.399999999999999265865024966615,0.000000000000000000000000000000
90.499999999999999264477246185834,0.000000000000000000000000000000
90.599999999999999263089467405052,0.000000000000000000000000000000
90.699999999999999261701688624271,0.000000000000000000000000000000
90.799999999999999260313909843489,0.000000000000000000000000000000
90.899999999999999258926131062708,0.000000000000000000000000000000
90.999999999999999257538352281927,0.000000000000000000000000000000
91.099999999999999256150573501145,0.000000000000000000000000000000
91.199999999999999254762794720364,0.000000000000000000000000000000
91.299999999999999253375015939582,0.000000000000000000000000000000
91.399999999999999251987237158801,0.000000000000000000000000000000
91.499999999999999250599458378019,0.000000000000000000000000000000
91.599999999999999249211679597238,0.000000000000000000000000000000
91.699999999999999247823900816456,0.000000000000000000000000000000
91.799999999999999246436122035675,0.000000000000000000000000000000
91.899999999999999245048343254894,0.000000000000000000000000000000
91.999999999999999243660564474112,0.000000000000000000000000000000
92.099999999999999242272785693331,0.000000000000000000000000000000
92.199999999999999240885006912549,0.000000000000000000000000000000
92.299999999999999239497228131768,0.000000000000000000000000000000
92.399999999999999238109449350986,0.000000000000000000000000000000
92.499999999999999236721670570205,0.000000000000000000000000000000
92.599999999999999235333891789423,0.000000000000000000000000000000
92.699999999999999233946113008642,0.000000000000000000000000000000
92.799999999999999232558334227861,0.000000000000000000000000000000
92.899999999999999231170555447079,0.000000000000000000000000000000
92.999999999999999229782776666298,0.000000000000000000000000000000
93.099999999999999228394997885516,0.000000000000000000000000000000
93.199999999999999227007219104735,0.000000000000000000000000000000
93.299999999999999225619440323953,0.000000000000000000000000000000
93.399999999999999224231661543172,0.000000000000000000000000000000
93.499999999999999222843882762390,0.000000000000000000000000000000
93.599999999999999221456103981609,0.000000000000000000000000000000
93.699999999999999220068325200828,0.000000000000000000000000000000
93.799999999999999218680546420046,0.000000000000000000000000000000
93.899999999999999217292767639265,0.000000000000000000000000000000
93.999999999999999215904988858483,0.000000000000000000000000000000
94.099999999999999214517210077702,0.000000000000000000000000000000
94.199999999999999213129431296920,0.000000000000000000000000000000
94.299999999999999211741652516139,0.000000000000000000000000000000
94.399999999999999210353873735357,0.000000000000000000000000000000
94.499999999999999208966094954576,0.000000000000000000000000000000
94.599999999999999207578316173795,0.000000000000000000000000000000
94.699999999999999206190537393013,0.000000000000000000000000000000
94.799999999999999204802758612232,0.000000000000000000000000000000
94.899999999999999203414979831450,0.000000000000000000000000000000
94.999999999999999202027201050669,0.000000000000000000000000000000
95.099999999999999200639422269887,0.000000000000000000000000000000
95.199999999999999199251643489106,0.000000000000000000000000000000
95.299999999999999197863864708324,0.000000000000000000000000000000
95.399999999999999196476085927543,0.000000000000000000000000000000
95.499999999999999195088307146762,0.000000000000000000000000000000
95.599999999999999193700528365980,0.000000000000000000000000000000
95.699999999999999192312749585199,0.000000000000000000000000000000
95.799999999999999190924970804417,0.000000000000000000000000000000
95.899999999999999189537192023636,0.000000000000000000000000000000
95.999999999999999188149413242854,0.000000000000000000000000000000
96.099999999999999186761634462073,0.000000000000000000000000000000
96.199999999999999185373855681291,0.000000000000000000000000000000
96.299999999999999183986076900510,0.000000000000000000000000000000
96.399999999999999182598298119728,0.000000000000000000000000000000
96.499999999999999181210519338947,0.000000000000000000000000000000
96.599999999999999179822740558166,0.000000000000000000000000000000
96.699999999999999178434961777384,0.000000000000000000000000000000
96.799999999999999177047182996603,0.000000000000000000000000000000
96.899999999999999175659404215821,0.000000000000000000000000000000
96.999999999999999174271625435040,0.000000000000000000000000000000
97.099999999999999172883846654258,0.000000000000000000000000000000
97.199999999999999171496067873477,0.000000000000000000000000000000
97.299999999999999170108289092695,0.000000000000000000000000000000
97.399999999999999168720510311914,0.000000000000000000000000000000
97.499999999999999167332731531133,0.000000000000000000000000000000
97.599999999999999165944952750351,0.000000000000000000000000000000
97.699999999999999164557173969570,0.000000000000000000000000000000
97.799999999999999163169395188788,0.000000000000000000000000000000
97.899999999999999161781616408007,0.000000000000000000000000000000
97.999999999999999160393837627225,0.000000000000000000000000000000
98.099999999999999159006058846444,0.000000000000000000000000000000
98.199999999999999157618280065662,0.000000000000000000000000000000
98.299999999999999156230501284881,0.000000000000000000000000000000
98.399999999999999154842722504100,0.000000000000000000000000000000
98.499999999999999153454943723318,0.000000000000000000000000000000
98.599999999999999152067164942537,0.000000000000000000000000000000
98.699999999999999150679386161755,0.000000000000000000000000000000
98.799999999999999149291607380974,0.000000000000000000000000000000
98.899999999999999147903828600192,0.000000000000000000000000000000
98.999999999999999146516049819411,0.000000000000000000000000000000
99.099999999999999145128271038629,0.000000000000000000000000000000
99.199999999999999143740492257848,0.000000000000000000000000000000
99.299999999999999142352713477067,0.000000000000000000000000000000
99.399999999999999140964934696285,0.000000000000000000000000000000
99.499999999999999139577155915504,0.000000000000000000000000000000
99.599999999999999138189377134722,0.000000000000000000000000000000
99.699999999999999136801598353941,0.000000000000000000000000000000
99.799999999999999135413819573159,0.000000000000000000000000000000
99.899999999999999134026040792378,0.000000000000000000000000000000
99.999999999999999132638262011596,0.000000000000000000000000000000
100.099999999999999131250483230815,0.000000000000000000000000000000
100.199999999999999129862704450034,0.000000000000000000000000000000
100.299999999999999128474925669252,0.000000000000000000000000000000
100.399999999999999127087146888471,0.000000000000000000000000000000
100.499999999999999125699368107689,0.000000000000000000000000000000
100.599999999999999124311589326908,0.000000000000000000000000000000
100.699999999999999122923810546126,0.000000000000000000000000000000
100.799999999999999121536031765345,0.000000000000000000000000000000
100.899999999999999120148252984563,0.000000000000000000000000000000
