0.0010000000000000000208166817117216851329430937767028808593750000000000,0.5653759871240549364501681850470049539580941200256347656250000000000000
0.0010100000000000000298932834865914265343178612965857610106468200683594,0.5650738406604701003052744490151582112957839854061603546142578125000000
0.0010201000000000000391771183094573316463282708355109207332134246826172,0.5647708767341107490380681943609175732490257360041141510009765625000000
0.0010303010000000000486374359840932579679417813167674466967582702636719,0.5644670920788351378368820354669566086158738471567630767822265625000000
0.0010406040100000000583077650745389419739694858435541391372680664062500,0.5641624834113875103474948502491059798558126203715801239013671875000000
0.0010510100501000000681192666856199335878585543468943797051906585693359,0.5638570474312880051524603242096844724073889665305614471435546875000000
0.0010615201506010000781612322108202195458659389259992167353630065917969,0.5635507808207217298000074601205255930835846811532974243164062500000000
0.0010721353521070100883809091477094632693933817790821194648742675781250,0.5632436802444269941425765424458660390882869251072406768798828125000000
0.0010828567056280801988023092252699797199966269545257091522216796875000,0.5629357423495826968050381733377207638113759458065032958984375000000000
0.0010936852726843610104465079162217033825754697318188846111297607421875,0.5626269637656948566510790865624613843465340323746204376220703125000000
0.0011046221254112046302622057356544738038195418994291685521602630615234,0.5623173411044822821462305095785438879829598590731620788574218750000000
0.0011156683466653166863957039370812418521694553419365547597408294677734,0.5620068709597613713533845181125059298210544511675834655761718750000000
0.0011268250301319698631498294268300786047376504939165897667407989501953,0.5616955499073300347545427413376017966584186069667339324951171875000000
0.0011380932804332895718133741901414990316254716162802651524543762207031,0.5613833745048507330383316671351678905921289697289466857910156250000000
0.0011494742132376224776217879162097668110931181217893026769161224365234,0.5610703412917326235107018383985177933936938643455505371093750000000000
0.0011609689553699987125888709420251654336198043893091380596160888671875,0.5607564467890128049373105190156252319866325706243515014648437500000000
0.0011725786449236987100400912784753382211988537164870649576187133789062,0.5604416874992366556676275102244488834912772290408611297607421875000000
0.0011843044313729357075335864540703567637791593369911424815654754638672,0.5601260599063372552287344563470838920693495310842990875244140625000000
0.0011961474756866650750750731731220088960299108293838798999786376953125,0.5598095604755138820704529756255851680180057883262634277343750000000000
0.0012081089504435317364942038755211417555557318337378092110157012939453,0.5594921856531095800350167346337570961622986942529678344726562500000000
0.0012201900399479670646111703884856281021598078950773924589157104492188,0.5591739318664877838476780225196449691793532110750675201416015625000000
0.0012323919403474467461247148056431577334279836577479727566242218017578,0.5588547955239079970146155729171510984087944962084293365478515625000000
0.0012447158597509212244904523584146383008430802874499931931495666503906,0.5585347730144005128582150587757126913857064209878444671630859375000000
0.0012571630183484304477489027786728248425873744054115377366542816162109,0.5582138607076401709918868354609600146432057954370975494384765625000000
0.0012697346485319147633532283598288559200994995990185998380184173583984,0.5578920549538191398560721401267414876201655715703964233398437500000000
0.0012824319950172339222194763152032348507702863571466878056526184082031,0.5575693520835187175633922140871590045207994990050792694091796875000000
0.0012952563149674062728067356481398419987272063735872507095336914062500,0.5572457484075801425419532941774036771676037460565567016601562500000000
0.0013082088781170803470544510872797250300436644465662539005279541015625,0.5569212402169744042189879207338520927805802784860134124755859375000000
0.0013212909668982511621886392818442379493149019253905862569808959960938,0.5565958237826710463722577892919929354320629499852657318115234375000000
0.0013345038765672336855461671588710115265996591915609315037727355957031,0.5562694953555059532287682677598184000089531764388084411621093750000000
0.0013478489153329060342918538275419626515372328867670148611068725585938,0.5559422511660481093119165474369935964205069467425346374511718750000000
0.0013613274044862351066287588989382750792600518252584151923656463623047,0.5556140874244653248513470256142454672954045236110687255859375000000000
0.0013749406785310974697451489538041480287233753188047558069229125976562,0.5552850003203889172687449105048074216028908267617225646972656250000000
0.0013886900853164084566906968606393724119385524318204261362552642822266,0.5549549860227773387106979530170036696290480904281139373779296875000000
0.0014025769861695725535469931027215961805154620378743857145309448242188,0.5546240406797787414971100117266900042523047886788845062255859375000000
0.0014166027560312682915592583468046561367970070932642556726932525634766,0.5542921604185924710226154865644332403462613001465797424316406250000000
0.0014307687835915809870098797584522798409523147711297497153282165527344,0.5539593413453294775457974585819442836509551852941513061523437500000000
0.0014450764714274968095748848530106289711483213977771811187267303466797,0.5536255795448716370541798748039497013451182283461093902587890625000000
0.0014595272361417717904534196667921952528246265501365996897220611572266,0.5532908710807299704171821619347326759452698752284049987792968750000000
0.0014741225085031895213207343300031160193697132854140363633632659912109,0.5529552119949017527497300839023353091761237010359764099121093750000000
0.0014888637335882214296216594995661552935928284568944945931434631347656,0.5526185983077265018192404666397266055355430580675601959228515625000000
0.0015037523709241036571760593014597529037956746833515353500843048095703,0.5522810260177408364971017584732493332921876572072505950927734375000000
0.0015187898946333447071341168346444994163846331503009423613548278808594,0.5519424911015321937621073977719987624368513934314250946044921875000000
0.0015339777935796781676796346114387270542778196613653562963008880615234,0.5516029895135913960159054769682995811308501288294792175292968750000000
0.0015493175715154749629693092111137886490723758470267057418823242187500,0.5512625171861640565131902624873561080676154233515262603759765625000000
0.0015648107472306297263209360487445920284699241165071725845336914062500,0.5509210700291008139619676475806642201860086061060428619384765625000000
0.0015804588547029360375178373915652785264285284938523545861244201660156,0.5505786439297063851808222700867645471589639782905578613281250000000000
0.0015962634432499654118923528012263801656445139087736606597900390625000,0.5502352347525874250253746788885678142833057790994644165039062500000000
0.0016122260776824650801524913836491881280466031967080198228359222412109,0.5498908383394991832840079104549602106999373063445091247558593750000000
0.0016283483384592897452995780504213241268729461808106862008571624755859,0.5495454505091909479718922937330205513717373833060264587402343750000000
0.0016446318218438826572506015143669555467198506448767147958278656005859,0.5491990670572502633681351291716765672390465624630451202392578125000000
0.0016610781400623214984566604845127313350161557536921463906764984130859,0.5488516837559459123335042773916825353808235377073287963867187500000000
0.0016776889214629447281806591627667524235789642261806875467300415039062,0.5485032963540696518498634981497730223054531961679458618164062500000000
0.0016944658106775741903278939787073908984638137553702108561992645263672,0.5481539005767766899635158595049944096899707801640033721923828125000000
0.0017114104687843499472713016881786352030303532956168055534362792968750,0.5478034921254248936156941440778211926954099908471107482910156250000000
0.0017285245734721934619906077556378276582904618408065289258956909179688,0.5474520666774127153255541378129578333755489438772201538085937500000000
0.0017458098192069154119926321553323000923541030715568922460079193115234,0.5470996198860158271247075556509287252993090078234672546386718750000000
0.0017632679173989845816397311912410161838238309428561478853225708007812,0.5467461473802224506844324447563110425107879564166069030761718750000000
0.0017809005965729744430965918742040821065586442273342981934547424316406,0.5463916447645673707335552127251077081382391043007373809814453125000000
0.0017987096025387042033946024773873040292215819135890342295169830322266,0.5460361076189646213044533162861426944800768978893756866455078125000000
0.0018166966985640912614491179082922001075672824299545027315616607666016,0.5456795314985388314714918889247741162762395106256008148193359375000000
0.0018348636655497321901773521177041181839939554265583865344524383544922,0.5453219119334552189267209532097524515847908332943916320800781250000000
0.0018532123022052295283770983352379657649322552970261313021183013916016,0.5449632444287482194123992118583998944814084097743034362792968750000000
0.0018717444252272818401388365162386906437319566975929774343967437744141,0.5446035244641487391625486735868832965934416279196739196777343750000000
0.0018904618694795546752172448216541833510007108998252078890800476074219,0.5442427474939100179936353474108301497835782356560230255126953125000000
0.0019093664881743502388063146789180801743412985160830430686473846435547,0.5438809089466320903050004786916105103955487720668315887451171875000000
0.0019284601530560937582038581977576796600004627180169336497783660888672,0.5435180042250848314665072347207086522757890634238719940185546875000000
0.0019477447545866547128927859407199196795090756495483219623565673828125,0.5431540287060295765287666613918560187812545336782932281494140625000000
0.0019672222021325212774197705367304478407675105700036510825157165527344,0.5427889777400392980286764066377713788824621587991714477539062500000000
0.0019868944241538465076110832200143030412675670959288254380226135253906,0.5424228466513173298798461408054549792723264545202255249023437500000000
0.0020067633683953849902948914432632143700629967497661709785461425781250,0.5420556307375146245001139300168091494924738071858882904052734375000000
0.0020268310020793388580702355447615836681052314816042780876159667968750,0.5416873252695455287562646684573763877779128961265087127685546875000000
0.0020470993121001322646334473704179957032067704858491197228431701660156,0.5413179254914020661492053687613434931336087174713611602783203125000000
0.0020675703052211336053787583445784381552812192239798605442047119140625,0.5409474266199667108197084164356027713438379578292369842529296875000000
0.0020882460082733449597369279181896528641004806559067219495773315429688,0.5405758238448236403100866098725418851245194673538208007812500000000000
0.0021091284683560784278038506122515682861262575897853821516036987304688,0.5402031123280684516861291366573993855126900598406791687011718750000000
0.0021302197530396392307462601111225919403580064681591466069221496582031,0.5398292872041163288762341543325362636096542701125144958496093750000000
0.0021515219505700356420420838073070957108257061918266117572784423828125,0.5394543435795086453983862573302587861689971759915351867675781250000000
0.0021730371700757360175715679354371823173153188690776005387306213378906,0.5390782765327179883261404791383597512322012335062026977539062500000000
0.0021947675417764933971337501950743531509147032920736819505691528320312,0.5387010811139515899410856736295727387187071144580841064453125000000000
0.0022167152171942583504979070244123029453930939780548214912414550781250,0.5383227523449531508629647968966480675589991733431816101074218750000000
0.0022388823693662009537048724477914518615762062836438417434692382812500,0.5379432852188030408880844990271441474760649725794792175292968750000000
0.0022612711930598629831387251032728813449068638874450698494911193847656,0.5375626746997168625740240455179730361123802140355110168457031250000000
0.0022838839049904616330003239745016774264740888611413538455963134765625,0.5371809157228423611449806551743080262895091436803340911865234375000000
0.0023067227440403662695490036652068432942996878409758210182189941406250,0.5367980031940546674362746415454239468090236186981201171875000000000000
0.0023297899714807699527426910254129799326960892358329147100448608398438,0.5364139319897498564223593808808487892747507430613040924072265625000000
0.0023530878711955776729588976723533955137668272072914987802505493164062,0.5360286969566368069084472125496176886372268199920654296875000000000000
0.0023766187499075334704958509983788172981178377085598185658454895019531,0.5356422929115273465563995536342645209515467286109924316406250000000000
0.0024003849374066088262051090179011181291457432962488383054733276367188,0.5352547146411246655481677714227828346338355913758277893066406250000000
0.0024243887867806749358589771909874843736076854838756844401359558105469,0.5348659569018099835453240731286683740108856000006198883056640625000000
0.0024486326746484817068020840413050676076522904622834175825119018554688,0.5344760144194274535190194996836510199500480666756629943847656250000000
0.0024731190013949665456176758024722794893079935718560591340065002441406,0.5340848818890672858078656759506230855549802072346210479736328125000000
0.0024978501914089162329675366646525302982695393438916653394699096679688,0.5336925539748470756528167524557204615121008828282356262207031250000000
0.0025228286933230054174513587667352809695842097426066175103187561035156,0.5332990253096913182712796031026414311781991273164749145507812500000000
0.0025480569802562354941124795216361720306963434268254786729812622070312,0.5329042904951090933642759983612791074847336858510971069335937500000000
0.0025735375500587978716566785143335382990414927917299792170524597167969,0.5325083441009699030104646011452018683485221117734909057617187500000000
0.0025992729255593858732198414692934895775522363692289218306541442871094,0.5321111806652776449492667221186081860651029273867607116699218750000000
0.0026252656548149797550188646200891584570058512326795607805252075195312,0.5317127946939427041769116177860610150673892349004745483398437500000000
0.0026515183113631295758243428331568658506967040011659264564514160156250,0.5313131806605521449118553767299033552262699231505393981933593750000000
0.0026780334944767608951978648309383279624285023601260036230087280273438,0.5309123330061379855281285256030088248735410161316394805908203125000000
0.0027048138294215285278879418260494782444425254652742296457290649414062,0.5305102461389435378625450967504662003193516284227371215820312500000000
0.0027318619677157438371590294752880301309971855516778305172920227050781,0.5301069144341877934943282890678517560445470735430717468261718750000000
0.0027591805873929012997028225023105063584694107703398913145065307617188,0.5297023322338278376441439432298352585348766297101974487304687500000000
0.0027867723932668303371494567498289907092612338601611554622650146484375,0.5292964938463192731826767456482230045367032289505004882812500000000000
0.0028146401171994986652119617297901355001954470935743302106857299804688,0.5288893935463746350704797305475324264989467337727546691894531250000000
0.0028427865183714936768303774674085393492362072720425203442573547363281,0.5284810255747197769602904737773485521756811067461967468261718750000000
0.0028712143835552086388974377942004401198516916338121518492698669433594,0.5280713841378482102835445477495568411541171371936798095703125000000000
0.0028999265273907607508689247615904505117612188769271597266197204589844,0.5276604634077733770643886535012256899790372699499130249023437500000000
0.0029289257926646683841888254944130220991382884676568210124969482421875,0.5272482575217788364576633475255817984361783601343631744384765625000000
0.0029582150505913150939922735827014577125737559981644153594970703125000,0.5268347605821663451699556068863472546581760980188846588134765625000000
0.0029877972010972282711055143886863527669106588291469961404800415039062,0.5264199666560018126275528882462850788215291686356067657470703125000000
0.0030176751731082005804006985821494324362390671012690290808677673339844,0.5260038697748591096951462087183415405888808891177177429199218750000000
0.0030478519248392826129900049425200392327894860500236973166465759277344,0.5255864639345617114296431438003054381624679081141948699951171875000000
0.0030783304440876754662524878748686152363234214135445654392242431640625,0.5251677430949221527271483789256478758034063503146171569824218750000000
0.0031091137485285522481725329962606862999052736995508894324302673339844,0.5247477011794792765343210805273344021770753897726535797119140625000000
0.0031402048860138377982950609774992489775513604399748146533966064453125,0.5243263320752332532111161800258969378774054348468780517578125000000000
0.0031716069348739762041115142340505506091119514167075976729393005371094,0.5239036296323783504450682935171812459884677082300186157226562500000000
0.0032033230042227159942931814665470491299004152097040787339210510253906,0.5234795876640334314367636325826538268302101641893386840820312500000000
0.0032353562342649431826265400908085312359219187783310189843177795410156,0.5230541999459701604856080858763078822448733262717723846435546875000000
0.0032677097966075926431312235033790902782868670328753069043159484863281,0.5226274602163388938581671527838778956720489077270030975341796875000000
0.0033003868945736685985967075879221610534841602202504873275756835937500,0.5221993621753922333876725414558706006573629565536975860595703125000000
0.0033333907635194053139408366156354324161270596960093826055526733398438,0.5217698994852062213374924160014245444472180679440498352050781250000000
0.0033667246711545993966544003351756830788588104041991755366325378417969,0.5213390657693991534892691275260290240112226456403732299804687500000000
0.0034003919178661454204216810053018615889186548884026706218719482421875,0.5209068546128479872537979378233075067328172735869884490966796875000000
0.0034343958370448069047972113965530582824214889114955440163612365722656,0.5204732595614023226869224170165750820160610601305961608886718750000000
0.0034687397954152550044209553240306953547644752688938751816749572753906,0.5200382741215959325579987204690723956446163356304168701171875000000000
0.0035034271933694075852442245981241408792072888900293037295341491699219,0.5196018917603558177811112761546041838300880044698715209960937500000000
0.0035384614653031016921933639201788834860451515851309522986412048339844,0.5191641059047087653865841516687140710928360931575298309326171875000000
0.0035738460799561327404999858375206356342346225574146956205368041992188,0.5187249099414853838792976992166927630023565143346786499023437500000000
0.0036095845407556940996221344058331181869903048209380358457565307617188,0.5182842972170215926192536615157990809166221879422664642333984375000000
0.0036456803861632510726234956618951876805567735573276877403259277343750,0.5178422610368575399624781196994405263467342592775821685791015625000000
0.0036821371900248836156555672267931544894281614688225090503692626953125,0.5173987946654339264182347057907662701836670748889446258544921875000000
0.0037189585619251324846007682872750521596572070848196744918823242187500,0.5169538913257857069101161573421165940089849755167961120605468750000000
0.0037561481475443838425827048667360319456065553822554647922515869140625,0.5165075441992331472043642470737268013181164860725402832031250000000000
0.0037937096290198277144155113551129976379172603628830984234809875488281,0.5160597464250702089724569254780561777806724421679973602294921875000000
0.0038316467253100260251593459038740863142891157622216269373893737792969,0.5156104911002502379007914057318373579619219526648521423339843750000000
0.0038699631925631263195146034017390945791703416034579277038574218750000,0.5151597712790689283929301822695379087235778570175170898437500000000000
0.0039086628244887576170823464353359932843545720970723778009414672851562,0.5147075799728445385725073002447516046231612563133239746093750000000000
0.0039477494527336452278248196418736215562717006832826882600784301757812,0.5142539101495953297827831707245138659345684573054313659667968750000000
0.0039872269472609817150135307593783462465353295556269586086273193359375,0.5137987547337142021225409038720499665942043066024780273437500000000000
0.0040270992167335915677644608400703729600422775547485798597335815429688,0.5133421066056405003769427808357761477964231744408607482910156250000000
0.0040673702089009275192250123052289945135839843715075403451919555664062,0.5128839586015289624251409228428144615463679656386375427246093750000000
0.0041080439109899368303949868629076913606468224315904080867767333984375,0.5124243035129157814474946952554290646730805747210979461669921875000000
0.0041491243500998362350112391803286238101122762600425630807876586914062,0.5119631340863817559115427069382775471240165643393993377685546875000000
0.0041906155936008346343724562024085633638037506898399442434310913085938,0.5115004430232124965995978149724265904296771623194217681884765625000000
0.0042325217495368430180745689030835654520501520892139524221420288085938,0.5110362229790556642776422346940989882568828761577606201171875000000000
0.0042748469670322114860033378865022957171504458528943359851837158203125,0.5105704665635752076478619254640278768420103006064891815185546875000000
0.0043175954367025336386833923602718288137225499667692929506301879882812,0.5101031663401025726908323554287250090055749751627445220947265625000000
0.0043607713910695590134704649476482529735221760347485542297363281250000,0.5096343148252848546659980744077955705506610684096813201904296875000000
0.0044043791049802546421790500150855729444288044760469347238540649414062,0.5091639044887298615996336359490470613309298641979694366455078125000000
0.0044484228960300572275601209241979727693205859395675361156463623046875,0.5086919277526480604747181890612495180903351865708827972412109375000000
0.0044929071249903578392312245102374612670814713055733591318130493164062,0.5082183769914913745182304116720928277572966180741786956787109375000000
0.0045378361962402614574129094526105943074867354880552738904953002929688,0.5077432445315888018787242597085196393891237676143646240234375000000000
0.0045832145582026641121067540938366358105326980876270681619644165039062,0.5072665226507788235475911176042274064457160420715808868408203125000000
0.0046290467037846907939489305740254909693476292886771261692047119140625,0.5067882035780385700579273033916649637831142172217369079589843750000000
0.0046753371708225377428424628795111672729944984894245862960815429687500,0.5063082794931097147602024055590419493455556221306324005126953125000000
0.0047220905425307631617755019237669955600722460076212882995605468750000,0.5058267425261210613655037116043189371339394710958003997802734375000000
0.0047693114479560708352197438784220162588667335512582212686538696289062,0.5053435847572077939350229658366231433319626376032829284667968750000000
0.0048170045624356315859362941741300678799575507582630962133407592773438,0.5048587982161273563018293042414796900629880838096141815185546875000000
0.0048651746080599879444734121632792911427145554625894874334335327148438,0.5043723748818719275857115624805970810484723187983036041259765625000000
0.0049138263541405878672735276901234469093537882145028561353683471679688,0.5038843066822774609497641307154225387421320192515850067138671875000000
0.0049629646176819937895049322795770763150358106940984725952148437500000,0.5033945854936292509584569443426005364017328247427940368652343750000000
0.0050125942638588137713779322238161206826134730363264679908752441406250,0.5029032031402639964148132412091740661708172410726547241210937500000000
0.0050627202064974019536795258895206517379961042024660855531692504882812,0.5024101513941683234943345881529097596285282634198665618896484375000000
0.0051133474085623760181048321881575047243018161680083721876144409179688,0.5019154219745737346438339832044306376701570115983486175537109375000000
0.0051644808826479998235724970349902473998326968285255134105682373046875,0.5014190065475479476291356673023358325735898688435554504394531250000000
0.0052161256914744798678614033475564593089757181587629020214080810546875,0.5009208967255825897119114742395140638109296560287475585937500000000000
0.0052682869483892247130675371737107415270884303026832640171051025390625,0.5004210840671772107975112664490779934567399322986602783203125000000000
0.0053209698178731170072000707885889747572605301684234291315078735351562,0.4999195600764195785553883205620806506885855924338102340698242187500000
0.0053741795160518482246678000600892399774011209956370294094085693359375,0.4994163162025622204652844371430830960889579728245735168457031250000000
0.0054279213112123667545092593669092684294241735187824815511703491210938,0.4989113438395951736765814021890008689297246746718883514404296875000000
0.0054822005243244904704749903903704399965590710053220391273498535156250,0.4984046343258149065497814023117939541407395154237747192382812500000000
0.0055370225295677354240196600329571019472041371045634150505065917968750,0.4978961789433893737704100307395194136006466578692197799682617187500000
0.0055923927548634128272691829614204905851693183649331331253051757812500,0.4973859689179191663293243264032383876838139258325099945068359375000000
0.0056483166824120470050594208875210933129551449383143335580825805664062,0.4968739954179947183952447548049846659523609559983015060424804687500000
0.0057047998492361675253856556806753008714849784155376255512237548828125,0.4963602495547495311537661288880940446688327938318252563476562500000000
0.0057618478477285292512327901769814131327507311652880162000656127929688,0.4958447223814093751236703466744870638649445027112960815429687500000000
0.0058194663262058145950456685292079272997511907306034117937088012695312,0.4953274048928374302929594774624888486869167536497116088867187500000000
0.0058776609894678727928472470806720018288160645170137286186218261718750,0.4948082880250753239049187059972467750412761233747005462646484375000000
0.0059364375993625515727835425128927626658992267039138823747634887695312,0.4942873626548800257787287526500819012653664685785770416259765625000000
0.0059958019753561771413281173640635879351634685008320957422256469726562,0.4937646195992565590975834771692021263334027025848627090454101562500000
0.0060557599951097389660324764142085296469986133161000907421112060546875,0.4932400496149864858983109805468103559178416617214679718017578125000000
0.0061163175950608364092676350921851113895399976172484457492828369140625,0.4927136433981521245991427176980081981128023471683263778686523437500000
0.0061774807710114448277144156684154152614496524620335549116134643554688,0.4921853915836564578509520345717120903827890288084745407104492187500000
0.0062392555787215593308835299719145028873867886431980878114700317382812,0.4916552847447386869372994155913403346858103759586811065673828125000000
0.0063016481345087749797873727646696506710100038617383688688278198242188,0.4911233133924853904393997144905981144802353810518980026245117187500000
0.0063646646158538627854089528811110110240178983076475560665130615234375,0.4905894679753372422800414276444769257068401202559471130371093750000000
0.0064283112620124014697008476854761527263804055110085755586624145507812,0.4900537388785912457783711104752910614479333162307739257812500000000000
0.0064925943746325255413819976888639695644656057993415743112564086914062,0.4895161164238984388024679417217299715048284269869327545166015625000000
0.0065575203183788508545931108216497928964372476912103593349456787109375,0.4889765908687570244019020282433274360300856642425060272216796875000000
0.0066230955215626394215589043019953852109438230399973690509796142578125,0.4884351524060008820343065094604639853059779852628707885742187500000000
0.0066893264767782658746686941676068416384737247426528483629226684570312,0.4878917911632834127923750988653495141988969407975673675537109375000000
0.0067562197415460485929914434544141244032289250753819942474365234375000,0.4873464972025566720105916457272954289692279417067766189575195312500000
0.0068237819389615091388574092366725576397357144742272794246673583984375,0.4867992605195457426038932458034480532660381868481636047363281250000000
0.0068920197583511242909189533408648165035970123426523059606552124023438,0.4862500710432183014062662573806505861284676939249038696289062500000000
0.0069609399559346355949542755128800486374984757276251912117004394531250,0.4856989186352493299912280039221101901603105943650007247924804687500000
0.0070305493554939820126694607817924298487355372344609349966049194335938,0.4851457930894809227029794429508768871528445743024349212646484375000000
0.0071008548490489218950403715185926145636585715692490339279174804687500,0.4845906841313771408594115314150130302550678607076406478881835937500000
0.0071718633975394111771624924400042599970106493856292217969894409179688,0.4840335814174738660996960559756985276180785149335861206054687500000000
0.0072435820315148053526860521394992176169580488931387662887573242187500,0.4834744745348236004823909428562700441034394316375255584716796875000000
0.0073160178518299534707398825827268096233524374838452786207199096679688,0.4829133530004351641925965793467057096677308436483144760131835937500000
0.0073891780303482530703681216508599272074775399232748895883560180664062,0.4823502062607082393043498452778194973689096514135599136352539062500000
0.0074630698106517356667295617737856172624333339626900851726531982421875,0.4817850236908627082341779329643927098913991358131170272827148437500000
0.0075377005087582530898296514446782490281862010306213051080703735351562,0.4812177945943627343020065900702775252284482121467590332031250000000000
0.0076130775138458356876393156274784868031701989821158349514007568359375,0.4806485082023355319511426914091956064112309832125902175903320312500000
0.0076892082889842941123037555525149278068397507013287395238876342773438,0.4800771536729847737453701767007530065711762290447950363159179687500000
0.0077661003718741371217696464572532999426357491756789386272430419921875,0.4795037200909985798788406213821744472625141497701406478881835937500000
0.0078437613755928785618426512041279075049260427476838231086730957031250,0.4789281964669520359073346532641224371218413580209016799926757812500000
0.0079221989893488074174768211362096526073628410813398659229278564453125,0.4783505717367041843823653735068290870913187973201274871826171875000000
0.0080014209792422955619807349580963062862792867235839366912841796875000,0.4777708347607894343619765187280989948703791014850139617919921875000000
0.0080814351890347185883786153802466056816911077476106584072113037109375,0.4771889743238033330431386441761176797626831103116273880004882812500000
0.0081622495409250658462009097443567995355806488078087568283081054687500,0.4766049791337826429203899242237341127292893361300230026245117187500000
0.0082438720363343165769317699015372724602457310538738965988159179687500,0.4760188378215796673874771888224088911556464154273271560668945312500000
0.0083263107566976598159524968791045385074767182231880724430084228515625,0.4754305389402307671295466739991297799861058592796325683593750000000000
0.0084095738642646364877615366116569983745421268395148217678070068359375,0.4748400709643190085421267376819542960220132954418659210205078125000000
0.0084936696029072829276269787981967773760061390930786728858947753906250,0.4742474222893308859010357697583160074827901553362607955932617187500000
0.0085786062989363558319334270539646691844382075942121446132659912109375,0.4736525812310070576249907553512130675699154380708932876586914062500000
0.0086643923619257194661892650458523412737577018560841679573059082031250,0.4730555360246870358884897778128930667662643827497959136962890625000000
0.0087510362855449767380836218269579696027449244866147637367248535156250,0.4724562748246477700080590833575655551612726412713527679443359375000000
0.0088385466484004265832390232621174064320257457438856363296508789062500,0.4718547857034360613144498980409125010737625416368246078491210937500000
0.0089269321148844309278454775893885120296999957645311951637268066406250,0.4712510566511947480094167628461576668996713124215602874755859375000000
0.0090162014360332753165248008409005109342615469358861446380615234375000,0.4706450755749825973401918172145386165539093781262636184692382812500000
0.0091063634503936081501242975205778762415320670697838068008422851562500,0.4700368302980878420995088096123737386733409948647022247314453125000000
0.0091974270848975443124663649817340793646280872053466737270355224609375,0.4694263085593352974832486584899626791411719750612974166870117187500000
0.0092894013557465198375245256194598919563532035681419074535369873046875,0.4688134980123869934704166489991550292870670091360807418823242187500000
0.0093822953693039851180704370887941667689347013947553932666778564453125,0.4681983862250362584322624370791743331210454925894737243652343750000000
0.0094761183229970250529972889547147829603090940508991479873657226562500,0.4675809606784951877800002306706517174461623653769493103027343750000000
0.0095708795062269953877223368013393844933034415589645504951477050781250,0.4669612087666754307016449970779703448897635098546743392944335937500000
0.0096665883012892654261842702821672101975991608924232423305511474609375,0.4663391177954622291226827179855263239005580544471740722656250000000000
0.0097632541843021581662420802123769636438055385951884090900421142578125,0.4657146749819816403418923367318882355903042480349540710449218750000000
0.0098608867261451798343950352586373409025100045255385339260101318359375,0.4650878674538608746852168251972869938981602899730205535888671875000000
0.0099594955934066317207033571835828045237803962663747370243072509765625,0.4644586822484816803066273727118584702111547812819480895996093750000000
0.0100590905493406981261966348477343569101094544748775660991668701171875,0.4638271063122267036057423672534838487990782596170902252197265625000000
0.0101596814548341051964394123052759510983378277160227298736572265625000,0.4631931264997187570116744109727235922946420032531023025512695312500000
0.0102612782693824463390363317845388468896317135659046471118927001953125,0.4625567295730529206513031298397820023637905251234769821166992187500000
0.0103638910520762708935589698974744088388888485496863722801208496093750,0.4619179022010214080793538693470168254862073808908462524414062500000000
0.0104675299625970336947703288703326318653807902592234313488006591796875,0.4612766309583311222903244386284171696388511918485164642333984375000000
0.0105722052622230041246290761433601623764388932613655924797058105468750,0.4606329023248138292622941292187022099824389442801475524902343750000000
0.0106779273148452342599129647089661876435684462194330990314483642578125,0.4599867026846288749545015733799502299916639458388090133666992187500000
0.0107847065879936866972357888475042564380146359326317906379699707031250,0.4593380183254583714095274638022914359680726192891597747802734375000000
0.0108925536538736236596009972557586031882692623184993863105773925781250,0.4586868354376947760930351150054917752640903927385807037353515625000000
0.0110014791904123599932161610068237500570376141695305705070495605468750,0.4580331401136207885498117381439797668463143054395914077758789062500000
0.0111114939823164836907434587995324726250601088395342230796813964843750,0.4573769183465814876417016715537400273206003475934267044067382812500000
0.0112226089221396486266351636036653349748348773573525249958038330078125,0.4567181560301486319553964515760569042868155520409345626831054687500000
0.0113348350113610452125718821431155092227527347858995199203491210937500,0.4560568389572770444230585124012478104305046144872903823852539062500000
0.0114481833614746557652234711446870285556087765144184231758117675781250,0.4553929528194530028763816614789661230133788194507360458374023437500000
0.0115626651950894024246382441392655415768331295112147927284240722656250,0.4547264832058345560320770234463694237092568073421716690063476562500000
0.0116782918470402965516974857183851721487144459388218820095062255859375,0.4540574156023836850843995033288891249867447186261415481567382812500000
0.0117950747655106996206625944237367242806158174062147736549377441406250,0.4533857353909902285866648230516773310228018090128898620605468750000000
0.0119130255131658067214439080359900113847970715141855180263519287109375,0.4527114278485874896589599009066873236406536307185888290405273437500000
0.0120321557682974648941393600379279327228232432389631867408752441406250,0.4520344781462594417403236951580325353461375925689935684204101562500000
0.0121524773259804396500271335586351728608178746071644127368927001953125,0.4513548713483394498355120993959843644915963523089885711669921875000000
0.0122740020992402441546681012701780488782787870150059461593627929687500,0.4506725924115004224988420555852997040346963331103324890136718750000000
0.0123967421202326467049738127103319929034341839724220335483551025390625,0.4499876261838363094452443446957801143071264959871768951416015625000000
0.0125207095414349732823665328762530180028988979756832122802734375000000,0.4492999574039348592449736458087627966051513794809579849243164062500000
0.0126459166368493231262870395668895806551290661445818841457366943359375,0.4486095706999415494984403268707850997998320963233709335327148437500000
0.0127723758032178164700104743695119324797815352212637662887573242187500,0.4479164505886146027007800596297926176703185774385929107666015625000000
0.0129000995612499947479419435021619211312327024643309414386749267578125,0.4472205814743709989186881692546648991992697119712829589843750000000000
0.0130291005568624948100672723480530912354424799559637904167175292968750,0.4465219476483233967544113351966217351218801923096179962158203125000000
0.0131593915624311198735507731465144143356837957981042563915252685546875,0.4458205332873078717949646976315136726043419912457466125488281250000000
0.0132909854780554311891514166106553762602970891748555004596710205078125,0.4451163224529023824493738359375782920324127189815044403076171875000000
0.0134238953328359856190092093408683382449453347362577915191650390625000,0.4444092990904358714775428812471247397297702264040708541870117187500000
0.0135581342861643455945970656792431974224655277794227004051208496093750,0.4436994470279879105114630155615174089689389802515506744384765625000000
0.0136937156290259891713129939555537717410516052041202783584594726562500,0.4429867499753787948423705556066920507873874157667160034179687500000000
0.0138306527853162491845245298492661500944223007536493241786956787109375,0.4422711915231499938772150720689424474585393909364938735961914062500000
0.0139689593131694117993674294185557638314776340848766267299652099609375,0.4415527551415348630743738095327799442202376667410135269165039062500000
0.0141086489063011060417140106991451542484128367505036294460296630859375,0.4408314241794195210814594904080720993988506961613893508911132812500000
0.0142497353953641172275682599650259430035248442436568439006805419921875,0.4401071818632937961775393465035932649698224849998950958251953125000000
0.0143922327493177585261280846708198399852562943124212324619293212890625,0.4393800112961921438723637139966982090300007257610559463500976562500000
0.0145361550768109362393845141771253626217230703332461416721343994140625,0.4386498954566244387620350259071599907656491268426179885864257812500000
0.0146815166275790457312981672835516810948774946155026555061340332031250,0.4379168171974965401355758126689110554252692963927984237670898437500000
0.0148283317938548363194099766713962562647566301166079938411712646484375,0.4371807592450205327242081232430592763193999417126178741455078125000000
0.0149766151117933848139365349098894863999476001481525599956512451171875,0.4364417041976145415457018911231656943527923431247472763061523437500000
0.0151263812629113187954751191220681416638171867816708981990814208984375,0.4356996345247920191727335204046056560400757007300853729248046875000000
0.0152776450755404321175067155341720237515801272820681333541870117187500,0.4349545325660404030494645549742571688511816319078207015991210937500000
0.0154304215262958365742409355680919702535902615636587142944335937500000,0.4342063805296890406160755654374483469837286975234746932983398437500000
0.0155847257415587950770332757895186848173807447892613708972930908203125,0.4334551604917662765857535450697568535360915120691061019897460937500000
0.0157405729989743831657598646667217678896122379228472709655761718750000,0.4327008543948455991309809398615016107214614748954772949218750000000000
0.0158979787289641271367374424777763053384660452138632535934448242187500,0.4319434440468807385375780288905289694412203971296548843383789062500000
0.0160569585162537685485428795573170646093785762786865234375000000000000,0.4311829111200296116952149910739322535846440587192773818969726562500000
0.0162175281014163063773462830283178526258325291564688086509704589843750,0.4304192371494670057660049400372059835717664100229740142822265625000000
0.0163797033824304695849967622792164867462361144134774804115295410156250,0.4296524035321858920146494836833639396900252904742956161499023437500000
0.0165435004162547744267227440781442560080449766246601939201354980468750,0.4288823915257872613528145055994400536292232573032379150390625000000000
0.0167089354204173223177807812780959473286657157586887478828430175781250,0.4281091822472583717680560955187729632598347961902618408203125000000000
0.0168760247746214956885964317973014559015609847847372293472290039062500,0.4273327566717392967505194378841082425424247048795223236083984375000000
0.0170447850223677107961526167728694147740498010534793138504028320312500,0.4265530956312776630716919468166992146507254801690578460693359375000000
0.0172152328725913880551909394128751173980163002852350473403930664062500,0.4257701798135714662423868814844496455407352186739444732666015625000000
0.0173873852013173020892591001673732620247392333112657070159912109375000,0.4249839897606998498087293308911327471832919400185346603393554687500000
0.0175612590533304752652603644702544727351778419688344001770019531250000,0.4241945058678417351599124890393355258311203215271234512329101562500000
0.0177368716438637801743091314959910320681046869140118360519409179687500,0.4234017083819821865428231766337319186277454718947410583496093750000000
0.0179142403603024181327533180529965051164253964088857173919677734375000,0.4226055774006063963038962172369394920679042115807533264160156250000000
0.0180933827639054424729842321384332137768069515004754066467285156250000,0.4218060928703811733998883110041688837554829660803079605102539062500000
0.0182743165915444970589213849812559864460581593448296189308166503906250,0.4210032345858238185174176465563888882570608984678983688354492187500000
0.0184570597574599421923950345880705015133571578189730644226074218750000,0.4201969821879582679484931018176752104409388266503810882568359375000000
0.0186416303550345417774914118930196238466123759280890226364135742187500,0.4193873151629583867700586802262918695305415894836187362670898437500000
0.0188280466585848873615897155348042346645343059208244085311889648437500,0.4185742128407782928513607839660082277077890466898679733276367187500000
0.0190163271251707364031553054717349482416466344147920608520507812500000,0.4177576543937695906108607118989439754841441754251718521118164062500000
0.0192064903964224439357802963479482372122220112942159175872802734375000,0.4169376188352853942575663992453627315626363269984722137451171875000000
0.0193985553003866685462387546567963880761453765444457530975341796875000,0.4161140850182710179206227452120003817981341853737831115722656250000000
0.0195925408533905354037504744496578368284644966479390859603881835937500,0.4152870316338412112094121558802939375709684100002050399780273437500000
0.0197884662619244409326494608253321771940136386547237634658813476562500,0.4144564372098438160359114984521156088703719433397054672241210937500000
0.0199863509245436855180571645088094534514766564825549721717834472656250,0.4136222801094097214526235095632955562905408442020416259765625000000000
0.0201862144337891225501490375174307168038012605393305420875549316406250,0.4127845385294889916330974416469601351309393066912889480590820312500000
0.0203880765781270139557466731378143620645460032392293214797973632812500,0.4119431904993730418238981338951987254404230043292045593261718750000000
0.0205919573439082842768741224426243263678770745173096656799316406250000,0.4110982138792027359855754675699301969871157780289649963378906250000000
0.0207978769173473673023986923666384107889371080091223120689392089843750,0.4102495863584622798401861654138400581359746865928173065185546875000000
0.0210058556865208411596184640002249466306238900870084762573242187500000,0.4093972854544587819316126681146172927583393175154924392700195312500000
0.0212159142433860497581039981224160229089648055378347635269165039062500,0.4085412885107873547628227345329676722940348554402589797973632812500000
0.0214280733858199104449121985202508788859177002450451254844665527343750,0.4076815726957816275592173804742657239330583252012729644775390625000000
0.0216423541196781097394524545282634697684898128500208258628845214843750,0.4068181150009495411501176526103407127266109455376863479614257812500000
0.0218587776608748910288354668982058193194006889825686812400817871093750,0.4059508922393942962464873092098827100926428101956844329833984375000000
0.0220773654374836401340261027304023855322157032787799835205078125000000,0.4050798810442203235740628308736432927616988308727741241455078125000000
0.0222981390918584767306582800766578955631302960682660341262817382812500,0.4042050578669241463539412578809262299728288780897855758666992187500000
0.0225211204827770616954590648592371415759316732874140143394470214843750,0.4033263989757700026411203764187263232088298536837100982666015625000000
0.0227463316876048325126014222619108551270983298309147357940673828125000,0.4024438804541500968746294691902321005727571900933980941772460937500000
0.0229737950044808810393212779310534443766300682909786701202392578125000,0.4015574781989293477160642836798487564919923897832632064819335937500000
0.0232035329545256900544931760385636287935540167381986975669860839843750,0.4006671679187744992804449256640353382863395381718873977661132812500000
0.0234355682840709471619343754952846659023180109215900301933288574218750,0.3997729251324674635951518519849656740916543640196323394775390625000000
0.0236699239669116568411276133043763536534243030473589897155761718750000,0.3988747251672027598729756286966008360650448594242334365844726562500000
0.0239066232065807736200096361711686654416553210467100143432617187500000,0.3979725431568689169713626957447516474530857522040605545043945312500000
0.0241456894386465815687811209758195651886580890277400612831115722656250,0.3970663540403137054912545422791225746550480835139751434326171875000000
0.0243871463330330475989884964072018647129880264401435852050781250000000,0.3961561325595930641799841120942460293008480221033096313476562500000000
0.0246310177963633782916832905968140821073575352784246206283569335937500,0.3952418532582035864140004854938581502210581675171852111816406250000000
0.0248773279743270122925586414902587861774918565060943365097045898437500,0.3943234904792984315343058743241755337294307537376880645751953125000000
0.0251261012540702826362210139596320424004716187482699751853942871093750,0.3934010183638865264309052161006974301926675252616405487060546875000000
0.0253773622666109856860135749259677062639184441650286316871643066406250,0.3924744108490149211462653944249012738509918563067913055419921875000000
0.0256311358892770957678287208070244673763227183371782302856445312500000,0.3915436416659341640838197518004193398155621252954006195068359375000000
0.0258874472481698669531217016012702991645255679031834006309509277343750,0.3906086843382465606186199763572020060564682353287935256958007812500000
0.0261463217206515658519108561211319319284029916161671280860900878906250,0.3896695121800371797745991819805766454010154120624065399169921875000000
0.0264077849378580817431099152930995543897552124690264463424682617187500,0.3887260982939874735515948384056983400114404503256082534790039062500000
0.0266718627872366627954401913785931199640799604821950197219848632812500,0.3877784155694713735665953707743014433617645408958196640014648437500000
0.0269385814151090296597167855763288457637827377766370773315429687500000,0.3868264366806337292128883248443216302803193684667348861694335937500000
0.0272079672292601201951094819220244858115620445460081100463867187500000,0.3858701340844509524081497320313616228304454125463962554931640625000000
0.0274800469015527216381600348477087791820849815849214792251586914062500,0.3849094800187737342193547429580746666033519431948661804199218750000000
0.0277548473705682490983177174159735045577690470963716506958007812500000,0.3839444465003516981102885119447876149934018030762672424316406250000000
0.0280323958442739318353470251085624020959130575647577643394470214843750,0.3829750053228398555332182701116394696327915880829095840454101562500000
0.0283127198027166714031516983260394759724931645905598998069763183593750,0.3820011280547867302639138825659514964172558393329381942749023437500000
0.0285958470007438383686672973491016414016030466882511973381042480468750,0.3810227860376040172286828816572423761499521788209676742553710937500000
0.0288818054707512770063452698862671574886462622089311480522155761718750,0.3800399503835176433339144985712465540927951224148273468017578125000000
0.0291706235254587900335171033947001539843313366873189806938171386718750,0.3790525919735000969683705318580280163587303832173347473144531250000000
0.0294623297607133781929257716758474572316117701120674610137939453125000,0.3780606814551838953692309425180795301457692403346300125122070312500000
0.0297569530583205122364865661405142205353513418231159448623657226562500,0.3770641892407560574979139694784535663529823068529367446899414062500000
0.0300545225889037176239727442925153688690897979540750384330749511718750,0.3760630855048334527279858818804569864369113929569721221923828125000000
0.0303550678147927550675530105478427955745246435981243848800659179687500,0.3750573401823188954577401044154782994155539199709892272949218750000000
0.0306586184929406828872800860191771832319318491499871015548706054687500,0.3740469229662378572779084934252225025375082623213529586791992187500000
0.0309652046778700899886603266700224601493118825601413846015930175781250,0.3730318033055556685689130302918670167855452746152877807617187500000000
0.0312748567246487911652048311689222614973004965577274560928344726562500,0.3720119504029750830283694573719088793950504623353481292724609375000000
0.0315876052918952793545142795905711352588696172460913658142089843750000,0.3709873332127140807979587266984822235826868563890457153320312500000000
0.0319034813448142324275125323446156144768792728427797555923461914062500,0.3699579204382637839885333841394299270177725702524185180664062500000000
0.0322225161582623750347305433688882558840305136982351541519165039062500,0.3689236805301263642299126888079996433589258231222629547119140625000000
0.0325447413198449990710022904777387608987737621646374464035034179687500,0.3678845816835328190528946190607229027591529302299022674560546875000000
0.0328701887330434493523123769265215088353215833194553852081298828125000,0.3668405918361404984375569865440169792236702051013708114624023437500000
0.0331988906203738841376891730017284487530559999868273735046386718750000,0.3657916786657102633769159116816638288582907989621162414550781250000000
0.0335308795265776232749177325487277556703702430240809917449951171875000,0.3647378095877631592536868149201367828027287032455205917358398437500000
0.0338661883218433998049415930425842802264924102928489446640014648437500,0.3636789517532164915170674740485523557254055049270391464233398437500000
0.0342048502050618341022646898968995188283770403359085321426391601562500,0.3626150720459991887612179184419147759399493224918842315673828125000000
0.0345468987071124527457458616014340790911774092819541692733764648437500,0.3615461370806463451917957263592739991509006358683109283447265625000000
0.0348923676941835775803374668918577228282629221212118864059448242187500,0.3604721131998728331929677387579502578773826826363801956176757812500000
0.0352412913711254136659854936663993640877379220910370349884033203125000,0.3593929664721258805562369154085189393299515359103679656982421875000000
0.0355937042848366681167251654449579234551492845639586448669433593750000,0.3583086626891165094802981644361850044333550613373517990112304687500000
0.0359496413276850351127176229348858527146148844622075557708740234375000,0.3572191673633297361316503437667080333994817920029163360595703125000000
0.0363091377409618857832101015969961110840813489630818367004394531250000,0.3561244457255134345430216263883593796890636440366506576538085937500000
0.0366722291183715049652186521861318979631505499128252267837524414062500,0.3550244627221457674882531402316132584928709547966718673706054687500000
0.0370389514095552203392844575063902468059495731722563505172729492187500,0.3539191830128810957814284449129971221736923325806856155395507812500000
0.0374093409236507728724441691064983572800883848685771226882934570312500,0.3528085709679742743851652703179766490393376443535089492797851562500000
0.0377834343328872809341203217042837181338654772844165563583374023437500,0.3516925906656832525221285934424741981274564750492572784423828125000000
0.0381612686762161540793270291666017257625753700267523527145385742187500,0.3505712058896498952277696187218580803346412722021341323852539062500000
0.0385428813629783159596449860356814909323475148994475603103637695312500,0.3494443801262589482004190799546705648026545532047748565673828125000000
0.0389283101766080994612733399973247827574596158228814601898193359375000,0.3483120765619750734156095245408479854631877969950437545776367187500000
0.0393175932783741808015432785128329129520352580584585666656494140625000,0.3471742580806578840014933046154155249496398027986288070678710937500000
0.0397107692111579229575198460300278213708224939182400703430175781250000,0.3460308872608549140821674466872437392339634243398904800415039062500000
0.0401078769032695025408160032637239211794621951412409543991088867187500,0.3448819263730724622501674914154534690169384703040122985839843750000000
0.0405089556723021979224184582757395389762677950784564018249511718750000,0.3437273373770242519101465739073120175817166455090045928955078125000000
0.0409140452290252202602425114080775259139954869169741868972778320312500,0.3425670819188578578614982894645635269625927321612834930419921875000000
0.0413231856813154728260187829869121145520693971775472164154052734375000,0.3414011213283588515505530269766865103520103730261325836181640625000000
0.0417364175381286279210781182957834545277364668436348438262939453125000,0.3402294166161326257171240716736804188258247449994087219238281250000000
0.0421537817135099145703406534752000212051825656089931726455688476562500,0.3390519284707638608406931463035149931783962529152631759643554687500000
0.0425753195306450140903309787426822552447447378654032945632934570312500,0.3378686172559536061998659156602187181306362617760896682739257812500000
0.0430010727259514646080961874224923846554702322464436292648315429687500,0.3366794430076339494971402604983623518819513265043497085571289062500000
0.0434310834532109796363922964157477935032147797755897045135498046875000,0.3354843654310602595177911999790865138493245467543601989746093750000000
0.0438653942877430898186644301489645059177746588829904794692993164062500,0.3342833438978809904116445972377391626650933176279067993164062500000000
0.0443040482306205211078076015851490154773273388855159282684326171875000,0.3330763374431850436404017185010317803062207531183958053588867187500000
0.0447470887129267267118412024912155189326767867896705865859985351562500,0.3318633047625266908973312718345027860777918249368667602539062500000000
0.0451945596000559943747950514270073085754120256751775741577148437500000,0.3306442042089280685703001072539564120233990252017974853515625000000000
0.0456465051960565547183425530453071417014143662527203559875488281250000,0.3294189937898592620982643475180395853385562077164649963378906250000000
0.0461029702480171206692557625550499267319537466391921043395996093750000,0.3281876311641960062420730892540632339660078287124633789062500000000000
0.0465639999504972922837438623067107812403264688327908515930175781250000,0.3269500736391550360995794655138979578623548150062561035156250000000000
0.0470296399500022656199333791898764545180711138527840375900268554687500,0.3257062781672071319620954260587453177322458941489458084106445312500000
0.0474999363495022886939910065212666623324366810265928506851196289062500,0.3244562013429679099183692431163095193369372282177209854125976562500000
0.0479749357129973120040069330810572623136067704763263463973999023437500,0.3231997994000664201953449544690855077533342409878969192504882812500000
0.0484546850701272855509854891459253778407401114236563444137573242187500,0.3219370282079916237901601183679645146185066550970077514648437500000000
0.0489392319208285588365509120173379997709162125829607248306274414062500,0.3206678432689168287627549253082648306190094444900751113891601562500000
0.0494286242400368448604607626156726141175568045582622289657592773437500,0.3193921997145021777228610787568996443042124155908823013305664062500000
0.0499229104824372137488787577741522483165681478567421436309814453125000,0.3181100523026752890497909076472637934784870594739913940429687500000000
0.0504221395872615863301450470773668044444093538913875818252563476562500,0.3168213554143901646833678120707133984979009255766868591308593750000000
0.0509263609831342026402394365658388153406122000887989997863769531250000,0.3155260630503644902534500504831527223359444178640842437744140625000000
0.0514356245929655451173988841423456719326168240513652563095092773437500,0.3142241288277954644285721447216630508592061232775449752807617187500000
0.0519499808388952010260045458189814837623998755589127540588378906250000,0.3129155059770543067783430540851341561392473522573709487915039062500000
0.0524694806472841534982702420275568755414496990852057933807373046875000,0.3116001473383596073491331318594532717725087422877550125122070312500000
0.0529941754537569954984434390798941905131869134493172168731689453125000,0.3102780053584296923469693085806397903070319443941116333007812500000000
0.0535241172082945659236328031505003366419259691610932350158691406250000,0.3089490320871141978585280862823481129453284665942192077636718750000000
0.0540593583803775120596470365325059148631225980352610349655151367187500,0.3076131791740050530549899915344624901081260759383440017700195312500000
0.0545999519641812876619342033424064908331274637021124362945556640625000,0.3062703978650270936765279139457618384767556563019752502441406250000000
0.0551459514838231010240728307419955100954211957287043333053588867187500,0.3049206389990085392261570662597591763187665492296218872070312500000000
0.0556974109986613325225094685289040086217937641777098178863525390625000,0.3035638530042315834020765635825611639120324980467557907104492187500000
0.0562543851086479463439603450336523593477977556176483631134033203125000,0.3021999898949633658916998774079942791104258503764867782592773437500000
0.0568169289597344263060651851915405785575785557739436626434326171875000,0.3008289992679676068778379244283982529850618448108434677124023437500000
0.0573850982493317710723989329840710738039888383354991674423217773437500,0.2994508302989972075625925429509521791260340251028537750244140625000000
0.0579589492318250892942226026871566091358545236289501190185546875000000,0.2980654317392681341904615149873691848370071966201066970825195312500000
0.0585385387241433407035161133602496619232624652795493602752685546875000,0.2966727519119149248175149047312970651546493172645568847656250000000000
0.0591239241113847746299518777501891264591904473491013050079345703125000,0.2952727387084281758002080042757597766467370092868804931640625000000000
0.0597151633524986228998532832024093153222565888427197933197021484375000,0.2938653395850743858482879977689350425862357951700687408447265625000000
0.0603123149860236096588233904725040446237471769563853740692138671875000,0.2924505015592985558692522979340466804387688171118497848510742187500000
0.0609154381358838462908042096777272433882899349555373191833496093750000,0.2910281712061099642719144697800004450982669368386268615722656250000000
0.0615245925172426852950001863878926045003936451394110918045043945312500,0.2895982946544515604088247673342237931137788109481334686279296875000000
0.0621398384424151126944897271381362813258419919293373823165893554687500,0.2881608175835534396810790752629927169436996337026357650756835937500000
0.0627612368268392643711590071775585641944417147897183895111083984375000,0.2867156852192708901480577843301489338045939803123474121093750000000000
0.0633888491951076575695077711114500118583237053826451301574707031250000,0.2852628423304075226294655026615387782840116415172815322875976562500000
0.0640227376870587347072261499847378729555202880874276161193847656250000,0.2838022332250240225518401332438500617172394413501024246215820312500000
0.0646629650639293226206585213367006303997186478227376937866210937500000,0.2823338017467330877854469334264919666566129308193922042846679687500000
0.0653095947145686164244738139417201239211863139644265174865722656250000,0.2808574912709811429280606920322327368921833112835884094238281250000000
0.0659626906617143031686311890893215093001344939693808555603027343750000,0.2793732447013174493319169477967278680807794444262981414794921875000000
0.0666223175683314467878195531957974395709243253804743289947509765625000,0.2778810044656512566246461815033796938223531469702720642089843750000000
0.0672885407440147618457070184672108581480642897076904773712158203125000,0.2763807125124976745431711749878544992498063948005437850952148437500000
0.0679614261514549100612206725124941897320240968838334083557128906250000,0.2748723103072129693240886749716622716732672415673732757568359375000000
0.0686410404129694597637006102386347805577315739355981349945068359375000,0.2733557388282200255943000383185292889720585662871599197387695312500000
0.0693274508170991549696427977411694598686153767630457878112792968750000,0.2718309385632247427051766397454457546700723469257354736328125000000000
0.0700207253252701471366568376775152415802949690259993076324462890625000,0.2702978495054241704490579495390178976776951458305120468139648437500000
0.0707209325785228492300166398820682189807484974153339862823486328125000,0.2687564111497072222463616125720520244612998794764280319213867187500000
0.0714281419043080783508152531435797527592512778937816619873046875000000,0.2672065624888488392365756829427425600442802533507347106933593750000000
0.0721424233233511597680395754927928919641999527812004089355468750000000,0.2656482420096985167890044771121793587553838733583688735961914062500000
0.0728638475565846720070255562728966935992502840235829353332519531250000,0.2640813876893641401586050598826460600321297533810138702392578125000000
0.0735924860321505193755842362535180001259504933841526508331298828125000,0.2625059369913921164529924112684966530650854110717773437500000000000000
0.0743284108924720252208778216440610009385636658407747745513916015625000,0.2609218268619448301108565413386486397939734160900115966796875000000000
0.0750716950013967461354663646133644760993774980306625366210937500000000,0.2593289937259764887467292787670558595891634467989206314086914062500000
0.0758224119514107142630632632518405955579510191455483436584472656250000,0.2577273734834084706964325850453434441078570671379566192626953125000000
0.0765806360709248220780347680969324386524021974764764308929443359375000,0.2561169015053053267972228007609558630974788684397935867309570312500000
0.0773464424316340709786776405620933871887245913967490196228027343750000,0.2544975126300526364789104938335384531455929391086101531982421875000000
0.0781199068559504123730025636207496830820673494599759578704833984375000,0.2528691411595379624505791626987161180295515805482864379882812500000000
0.0789011059245099171931291971715527466813000501133501529693603515625000,0.2512317208553361965958378859697930352012917865067720413208007812500000
0.0796901169837550170656583804762451705983039573766291141510009765625000,0.2495851849349006391833721840711746153829153627157211303710937500000000
0.0804870181535925679412496643039265364905077149160206317901611328125000,0.2479294660677612034406199284508609537169832037761807441711425781250000
0.0812918883351284943388783375828321453582248068414628505706787109375000,0.2462644963717311889566871641044087937189033254981040954589843750000000
0.0821048072184797800038714293835440116708923596888780593872070312500000,0.2445902074091241223225638018456962186064629349857568740844726562500000
0.0829258552906645785308677003289101747895983862690627574920654296875000,0.2429065301829822165426055885495415509467420633882284164428710937500000
0.0837551138435712250516042634562730029301746981218457221984863281250000,0.2412133951333180582546214867911693602309242123737931251525878906250000
0.0845926649820069380427659151699959494408176396973431110382080078125000,0.2395107321333711904512431267733063577907159924507141113281250000000000
0.0854385916318270081763752710202197704347781836986541748046875000000000,0.2377984704858813164000692214061771778688125777989625930786132812500000
0.0862929775481452790159963422977895675103354733437299728393554687500000,0.2360765389193799136555119641545097408652509329840540885925292968750000
0.0871559073236267325748556460129901068967228638939559459686279296875000,0.2343448655845021093697922928700272393598424969241023063659667968750000
0.0880274663968630006734370635479436373316275421530008316040039062500000,0.2326033780503207331220036704899634116827655816450715065002441406250000
0.0889077410608316314637785543473214033838303294032812118530273437500000,0.2308520033007045302168077499649356809641176369041204452514648437500000
0.0897968184714399485650050160290280842900756397284567356109619140625000,0.2290906677307025868987975375512533560140582267194986343383789062500000
0.0906947866561543488469337992441410278843250125646591186523437500000000,0.2273192971429570898489382763107968798976799007505178451538085937500000
0.0916017345227158931385258965052198476541889249347150325775146484375000,0.2255378167441466138597346013927591457104426808655261993408203125000000
0.0925177518679430528861121034445158528569663758389651775360107421875000,0.2237461511414622064092749473274146509993443032726645469665527343750000
0.0934429293866224842363241327725109641733070020563900470733642578125000,0.2219442243391186142634522934780072489502344978973269462585449218750000
0.0943773586804887099091184755883521262376234517432749271392822265625000,0.2201319597349030752982167527531665029982832493260502815246582031250000
0.0953211322672935978456880759535074787436315091326832771301269531250000,0.2183092801167641792628318700431044874221697682514786720275878906250000
0.0962743435899665346691450248939325717856263509020209312438964843750000,0.2164761076594433836451291872093882773242512485012412071228027343750000
0.0972370870258662008727627672211024645321231218986213207244873046875000,0.2146323639211518563975171491886584362873691134154796600341796875000000
0.0982094578961248637443120362844339865660003852099180221557617187500000,0.2127779698402954026363164546920003772356722038239240646362304687500000
0.0991915524750861132507431978944101302886338089592754840850830078125000,0.2109128457322503229849804118334333224993315525352954864501953125000000
0.1001834679998369752621997785801966074359370395541191101074218750000000,0.2090369112861931426571070538611429867614788236096501350402832031250000
0.1011853026798353459065780632353259704814263386651873588562011718750000,0.2071500855619872433319335336410205172796850092709064483642578125000000
0.1021971557066337002648540206728444701411717687733471393585205078125000,0.2052522869871295270872806060236115399675327353179454803466796875000000
0.1032191272637000381719304606398246448861755197867751121520996093750000,0.2033434333537603399649469973486937135476182447746396064758300781250000
0.1042513185363370394693940251817920739085820969194173812866210937500000,0.2014234418157399834523827580889943078545911703258752822875976562500000
0.1052938317217004107872861153050170202050139778293669223785400390625000,0.1994922288857952470745834097631821180129918502643704414367675781250000
0.1063467700389174158321129413928840534708797349594533443450927734375000,0.1975497104327395000782866679722715730349591467529535293579101562500000
0.1074102377393065909364682289361958567042165668681263923645019531250000,0.1955958016787699901557588677558641165887820534408092498779296875000000
0.1084843401166996577968137417669058919500457704998552799224853515625000,0.1936304171968461077711848652982418172996403882279992103576660156250000
0.1095691835178666553412803533196218097600649343803524971008300781250000,0.1916534709081524897813933808188302521102741593495011329650878906250000
0.1106648753530453228676290813869975693251035409048199653625488281250000,0.1896648760796509520929397848987285613020503660663962364196777343750000
0.1117715241065757770811675206323876352598745143041014671325683593750000,0.1876645453217253614440094763859967486041568918153643608093261718750000
0.1128892393476415358471412649088438939770639990456402301788330078125000,0.1856523905859236778709058998670933249286463251337409019470214843750000
0.1140181317411179522057214190400298292615843820385634899139404296875000,0.1836283231628015266906697733340081413189182057976722717285156250000000
0.1151583130585291327415754271401571173782940604723989963531494140625000,0.1815922536798717848698786481165257100656162947416305541992187500000000
0.1163098961891144250929523706883372824449907056987285614013671875000000,0.1795440920996647989765510750048704835535318125039339065551757812500000
0.1174729951510055703763134131445422525530375423841178417205810546875000,0.1774837477179039862582813485980537393515987787395715713500976562500000
0.1186477251025156271242310020153087890548704308457672595977783203125000,0.1754111291618017069992045350868004049971204949542880058288574218750000
0.1198342023535407844473527072537422100140247493982315063476562500000000,0.1733261443884804361162616306857309211864048847928643226623535156250000
0.1210325443770761933594943236813801235030041425488889217376708984375000,0.1712287006835244063167539643743886301763268420472741127014160156250000
0.1222428698208469563654329781421381539985304698348045349121093750000000,0.1691187046596670403409519087278845006494520930573344230651855468750000
0.1234652985190554270119342276934570890034592594020068645477294921875000,0.1669960622556196400568390147967079428781289607286453247070312500000000
0.1246999515042459823782497289890169867021540994755923748016357421875000,0.1648606787350469517048788190005659259895764989778399467468261718750000
0.1259469510192884433136782662554509215624420903623104095458984375000000,0.1627124586856953839219793248038747890404920326545834541320800781250000
0.1272064205294813288646274887505605022397503489628434181213378906250000,0.1605513060186798125999856068357729554918478243052959442138671875000000
0.1284784847347761432801663966651872783586441073566675186157226562500000,0.1583771239679350693727770751917383051932119997218251228332519531250000
0.1297632695821239058570724031471677051285951165482401847839355468750000,0.1561898150898383764902934908724851936767663573846220970153808593750000
0.1310609022779451460623224498536210091970133362337946891784667968750000,0.1539892812630091581844191464534254976115335011854767799377441406250000
0.1323715113007245986902248383043634305522573413327336311340332031250000,0.1517754236882928318736092621055178142341901548206806182861328125000000
0.1336952264137318458528088174763759354846115456894040107727050781250000,0.1495481428889353566624590211042722387446701759472489356994628906250000
0.1350321786778691654973185570787208575893600936979055404663085937500000,0.1473073387109554953366963303551528952084481716156005859375000000000000
0.1363825004646478583554851035652966118050244404003024101257324218750000,0.1450529103237219278205736086584387578568566823378205299377441406250000
0.1377463254692943381448082956763911965936131309717893600463867187500000,0.1427847562207425392318124388046918227246351307258009910583496093750000
0.1391237887239872827440864688774979640584206208586692810058593750000000,0.1405027742206733922604488043472947822465357603505253791809082031250000
0.1405150266112271568048073047685342373824823880568146705627441406250000,0.1382068614685550876836680339598828481939563062041997909545898437500000
0.1419201768773394296228049574204455041126493597403168678283691406250000,0.1358969144372844083394798186947838303240132518112659454345703125000000
0.1433393786461128251727772942025751490291440859436988830566406250000000,0.1335728289293293424188279958086944532169582089409232139587402343750000
0.1447727724325739546930216089526410883081553038209676742553710937500000,0.1312345000786957798297313257385177109881624346598982810974121093750000
0.1462205001568996955298813597567963995516038266941905021667480468750000,0.1288818223531543833776857529982429184656211873516440391540527343750000
0.1476827051584686937885267099535013812783290632069110870361328125000000,0.1265146895567363384256607400368821458869206253439188003540039062500000
0.1491595322100533820382966057604967602401302428916096687316894531250000,0.1241329948325068998908247107360036665113511844538152217864990234375000
0.1506511275321539171850654045825557147963991155847907066345214843750000,0.1217366306656258650114145816734101401834777789190411567687988281250000
0.1521576388074754576906202560571124138277809834107756614685058593750000,0.1193254888867043168391144682127791298853480839170515537261962890625000
0.1536792151955502136169515875474544941425847355276346206665039062500000,0.1168994606754672037357426286896533440540224546566605567932128906250000
0.1552160073475057171221973967289997631269216071814298629760742187500000,0.1144584365647315394193825680013709700233448529615998268127441406250000
0.1567681674209807756717113824684872724901651963591575622558593750000000,0.1120023064447102332803329199917286018717277329415082931518554687500000
0.1583358490951905848237966922820163517826586030423641204833984375000000,0.1095309595676517874887926848326280548917566193267703056335449218750000
0.1599192075861424920728238660561082440381142077967524528503417968750000,0.1070442845528263253087187904799559845514522748999297618865966796875000
0.1615183996620039184112819705130270619974908186122775077819824218750000,0.1045421693918686474445811467048894627396293799392879009246826171875000
0.1631335836586239590310139918605258912975841667503118515014648437500000,0.1020245014544892461004856921980010753259193734265863895416259765625000
0.1647649194952102000744260934528284678890486247837543487548828125000000,0.0994911674945644418520851633147561443593076546676456928253173828125000
0.1664125686901623035388432872427877384780003922060132026672363281250000,0.0969420536566170458245392423102249068733726744540035724639892578125000
0.1680766943770639280496953515964264624926727265119552612304687500000000,0.0943770454826991885263006050454936968208130565471947193145751953125000
0.1697574613208345688171755846762600583588209701701998710632324218750000,0.0917960279196891974762533700227251642900228034704923629760742187500000
0.1714550359340429160152343909806482713520381366834044456481933593750000,0.0891988853270146470238188829426917436649091541767120361328125000000000
0.1731695862933833466917789983829933930792321916669607162475585937500000,0.0865855014848139467110218342460470353216805960983037948608398437500000
0.1749012821563171816904034075457197161540534580126404762268066406250000,0.0839557596025490783219207176213405574571879697032272815704345703125000
0.1766502949778803550559547197451593092409893870353698730468750000000000,0.0813095423280823362252914786318935824738218798302114009857177734375000
0.1784167979276591601742706083566503139081760309636592864990234375000000,0.0786467317572301697245723377249770891239677439443767070770263671875000
0.1802009659069357533627431938727525562171649653464555740356445312500000,0.0759672094438074707928505203968772008238374837674200534820556640625000
0.1820029755660051125012608916331480202188686234876513481140136718750000,0.0732708564101758959188469971790524937205191235989332199096679687500000
0.1838230053216651652472912736868693173164501786231994628906250000000000,0.0705575531583100536985758179098215947533390135504305362701416015625000
0.1856612353748818185363673657906069536238646833226084709167480468750000,0.0678271796813956325941023621506342777820464107207953929901123046875000
0.1875178477286306383758169788467107252927235094830393791198730468750000,0.0650796154759737867994090314283095466407758067362010478973388671875000
0.1893930262059169464223347054132595701503305463120341300964355468750000,0.0623147395546463358884201489545917596046820108313113451004028320312500
0.1912869564679761175742542592126405054386850679293274879455566406250000,0.0595324304593565738474023399384726928929012501612305641174316406250000
0.1931998260326558804547691927666619449155405163764953613281250000000000,0.0567325662752607182336909551895187675540910277049988508224487304687500
0.1951318242929824409718142161351828178794676205143332481384277343750000,0.0539150246452052625268898736199396637402969645336270332336425781250000
0.1970831425359122671109703486824749063544004457071423530578613281250000,0.0510796827848257248165574160442270468251990678254514932632446289062500
0.1990539739612713915356415408930423893707484239712357521057128906250000,0.0482264174982825116640139644780260752554568171035498380661010742187500
0.2010445137008841072170277700092988482083455892279744148254394531250000,0.0453551051946498361672037175768013028687164478469640016555786132812500
0.2030549588378929500731171972627286947954416973516345024108886718750000,0.0424656219049738472601067135886454551041424565482884645462036132812500
0.2050855084262718813797226127815243046370596857741475105285644531250000,0.0395578433000163362344490762534388039739496889524161815643310546875000
0.2071363635105346020153860644996690609787037828937172889709472656250000,0.0366316447087005931305579101847635925537360890302807092666625976562500
0.2092077271456399498736691833222778313938761129975318908691406250000000,0.0336869011372761818305903835230052933980005036573857069015502929687500
0.2112998044170963512242231857607421829925442580133676528930664062500000,0.0307234872892195951840741286603675419542014424223452806472778320312500
0.2134128024612673166178272374238211739339021733030676841735839843750000,0.0277412775858879322355863769611339364473678870126605033874511718750000
0.2155469304858799916766159271430680632875009905546903610229492187500000,0.0247401461879429153583248102502012422121424606302753090858459472656250
0.2177023997907387935072699713945354460520320571959018707275390625000000,0.0217199670175627276107584379474801927756288932869210839271545410156250
0.2198794237886461833700541337877076841778034577146172523498535156250000,0.0186806137814593056778456059419113444164395332336425781250000000000000
0.2220782180265326471616882733628450807827903190627694129943847656250000,0.0156219599947188664232185163933952498638291217503137886524200439453125
0.2242990002067979756123806966972011878169723786413669586181640625000000,0.0125438790054835754913143287120336211160065431613475084304809570312500
0.2265419902088659573612680966925303494008403504267334938049316406250000,0.0094462440204923844561910343739508100213697616709396243095397949218750
0.2288074101109546189453981812622629377074190415441989898681640625000000,0.0063289281314991672360882601910958555890829302370548248291015625000000
0.2310954842120641671639365288815071153294411487877368927001953125000000,0.0031918043425863761243373254447922016119321142468834295868873596191406
0.2334064390541848108820074947367118056718027219176292419433593750000000,0.0000347455983925103831034475637717148094329999707952083554118871688843
0.2357405034447266610632800223901206493337667779996991157531738281250000,-0.0031423751867282519548902518713093257041180095257004722952842712402344
0.2380979084791739297619506815495427076712076086550951004028320312500000,-0.0063396850985958694905174977581030493212210785713978111743927001953125
0.2404788875639656711799985872035634315579955000430345535278320312500000,-0.0095573111921252917062282817087237596354043489554896950721740722656250
0.2428836764396053300268637012426786725427518831565976142883300781250000,-0.0127953804592599422033135769111167334699530329089611768722534179687500
0.2453125132040013854851012373159413471057632705196738243103027343750000,-0.0160540197958994437102891528548753719007891049841418862342834472656250
0.2477656383360414015149973329665833432500221533700823783874511718750000,-0.0193333559678032416065922164186141607444824330741539597511291503906250
0.2502432947194018177312132417133838657719024922698736190795898437500000,-0.0226335155754518491736775867226305614110515307402238249778747558593750
0.2527457276665958381238214630615246392153494525700807571411132812500000,-0.0259546250178475326007013690085556412157075101276859641075134277343750
0.2552731849432617987620975502638387411025178153067827224731445312500000,-0.0292968104552363705996346175675082434963769628666341304779052734375000
0.2578259167926944190110932070281180017445876728743314743041992187500000,-0.0326601977707337725090851188181062525472952984273433685302734375000000
0.2604041759606213654837207627235073914562235586345195770263671875000000,-0.0360449125308357134259932153669270249451983545441180467605590820312500
0.2630082177202275814647137314183922285337757784873247146606445312500000,-0.0394510799447981515973473808783777982966967101674526929855346679687500
0.2656382998974298596285559259655428832047618925571441650390625000000000,-0.0428788248228673329381563632950458142545357986818999052047729492187500
0.2682946828964041605797286038637139427009969949722290039062500000000000,-0.0463282715333439586822433277346622304548873216845095157623291015625000
0.2709776297253682045718548715429463413784105796366930007934570312500000,-0.0497995439584644994946154190895715174747238052077591419219970703125000
0.2736874060226218890242311926330742721802380401641130447387695312500000,-0.0532927654490832844774077323851679821586913021747022867202758789062500
0.2764242800828481103395627138663570576682104729115962982177734375000000,-0.0568080587781393736226823523716156216778472298756241798400878906250000
0.2791885228836765938970499584259599146207619924098253250122070312500000,-0.0603455460928926463679835504733128814791598415467888116836547851562500
0.2819804081125133623055619563890772383274452295154333114624023437500000,-0.0639053488659140007976163649905387842409254517406225204467773437500000
0.2848002121936384984290588362476626116404077038168907165527343750000000,-0.0674875878448150652596615288458803405546859721653163433074951171875000
0.2876482143155748859341194756389370468241395428776741027832031250000000,-0.0710923830007033757938644108476111682648479472845792770385742187500000
0.2905246964587306373500093931161458726819546427577733993530273437500000,-0.0747198534753495701948139938453063990664304583333432674407958984375000
0.2934299434233179463030975059334437560210062656551599502563476562500000,-0.0783701175270537967154334604846788181475858436897397041320800781250000
0.2963642428575511283701110487598384679586160928010940551757812500000000,-0.0820432924751992300607477369422948498822734109126031398773193359375000
0.2993278852861266422895076405596981317103200126439332962036132812500000,-0.0857394946434813370815769366373171322948110173456370830535888671875000
0.3023211641389879113781848085640291401432477869093418121337890625000000,-0.0894588393018023346614096998064002974615505081601440906524658203125000
0.3053443757803777931900037628798472155722265597432851791381835937500000,-0.0932014406068211387484403161740598164897164679132401943206787109375000
0.3083978195381815738315960800930426444210752379149198532104492187500000,-0.0969674115411500179482996372715142285869660554453730583190917968750000
0.3114817977335633922991199595831091073705465532839298248291015625000000,-0.1007568638511901361451330444429785870852356310933828353881835937500000
0.3145966157108990289852003957582482485122454818338155746459960937500000,-0.1045699079835992007046080454202297005394939333200454711914062500000000
0.3177425818680080220769018639614955645811278373003005981445312500000000,-0.1084066530203855285884647491334575875043810810893774032592773437500000
0.3209200076866881051100913180285090220422716811299324035644531250000000,-0.1122672066126239981512539498065272880467091454192996025085449218750000
0.3241292077635549890050545296382722426642430946230888366699218750000000,-0.1161516749127905803176327714787419154163217172026634216308593750000000
0.3273704998411905417779986515736112551167025230824947357177734375000000,-0.1200601625057134300440645803542683012210545712150633335113525390625000
0.3306442048396024501041509657817130118928616866469383239746093750000000,-0.1239927723381398786328330685613252626353641971945762634277343750000000
0.3339506468879984775368751498403341315679426770657300949096679687500000,-0.1279496056469200959704052983356703521167219150811433792114257812500000
0.3372901533568784652767236914572279715684999246150255203247070312500000,-0.1319307618858096884626200304135856811171834124252200126647949218750000
0.3406630548904472529346282999584971662443422246724367141723632812500000,-0.1359363386508950726736270550598639772488240851089358329772949218750000
0.3440696854393517285005538175468586814531590789556503295898437500000000,-0.1399664316046471080278411347475042703081271611154079437255859375000000
0.3475103822937452488484304929938772943387448322027921676635742187500000,-0.1440211343986101930780179339319779785455466480925679206848144531250000
0.3509854861166827044174042204982555404058075509965419769287109375000000,-0.1481005385947358258234580336010210999120317865163087844848632812500000
0.3544953409778495345878752270651901312703557778149843215942382812500000,-0.1522047335853714999156236289956645180154737317934632301330566406250000
0.3580402943876280330950164637604515860402898397296667098999023437500000,-0.1563338065119177615618258070373514101447653956711292266845703125000000
0.3616206973315043165953606291163069386129791382700204849243164062500000,-0.1604878421821682781488703495309522395473322831094264984130859375000000
0.3652369043048193629767868284563547831567120738327503204345703125000000,-0.1646669229863498795608453550975980306247947737574577331542968750000000
0.3688892733478675598564507087662178719256189651787281036376953125000000,-0.1688711288118817173989306620884853771258349297568202018737792968750000
0.3725781660813462387309320800188316979983937926590442657470703125000000,-0.1731005369568749562752055237702109025121899321675300598144531250000000
0.3763039477421597044223475214685947776160901412367820739746093750000000,-0.1773552220423967552077925205478159398353454889729619026184082031250000
0.3800669872195813048091662944560908954372280277311801910400390625000000,-0.1816352559235247220034920392905952724049711832776665687561035156250000
0.3838676570917771212296688149168133463717822451144456863403320312500000,-0.1859407075992205295931732414449477630569163011386990547180175781250000
0.3877063336626948958601839023696555841524968855082988739013671875000000,-0.1902716431210539622091324971075998462310963077470660209655761718750000
0.3915833969993218482573329314311294524486584123224020004272460937500000,-0.1946281255008113227040296086545190235028712777420878410339355468750000
0.3954992309693150702248030936569733739816001616418361663818359375000000,-0.1990102146170248647308797726451778942191594978794455528259277343750000
0.3994542232790082244317346471529361906505073420703411102294921875000000,-0.2034179671204627287700453588947802074926585191860795021057128906250000
